             x       y        SQREG        SQTOT
0    1958.2027  315.70  1893.483725  1802.013343
1    1958.2877  317.45  1887.848621  1656.500396
2    1958.3699  317.51  1882.391384  1651.619981
3    1958.4548  317.24  1876.746958  1673.638550
4    1958.5370  315.86  1871.274421  1788.454902
5    1958.6219  314.93  1865.614335  1867.979440
6    1958.7068  313.20  1859.946404  2020.513981
7    1958.7890  312.43  1854.451322  2090.330078
8    1958.8740  313.33  1848.761471  2008.843848
9    1958.9562  314.67  1843.251784  1890.521506
10   1959.0411  315.58  1837.553693  1812.215774
11   1959.1260  316.48  1831.848130  1736.399544
12   1959.2027  316.65  1826.687273  1722.260600
13   1959.2877  317.72  1820.960955  1634.595227
14   1959.3699  318.29  1815.416355  1588.829781
15   1959.4548  318.15  1809.682571  1600.010217
16   1959.5370  316.54  1804.124367  1731.402728
17   1959.6219  314.80  1798.376683  1879.233573
18   1959.7068  313.84  1792.622050  1963.387418
19   1959.7890  313.33  1787.043879  2008.843848
20   1959.8740  314.81  1781.269000  1878.366670
21   1959.9562  315.58  1775.677947  1812.215774
22   1960.0410  316.43  1769.903525  1740.569056
23   1960.1257  316.98  1764.129376  1694.979416
24   1960.2049  317.58  1758.724331  1645.935263
25   1960.2896  319.03  1752.937764  1530.384392
26   1960.3716  320.04  1747.329651  1452.381834
27   1960.4563  319.59  1741.530755  1486.883449
28   1960.5383  318.18  1735.910854  1597.611109
29   1960.6230  315.90  1730.099934  1785.073292
30   1960.7077  314.17  1724.283022  1934.251634
31   1960.7896  313.83  1718.652783  1964.273721
32   1960.8743  315.00  1712.824319  1861.933522
33   1960.9563  316.19  1707.176167  1760.652318
34   1961.0411  316.89  1701.329555  1702.398139
35   1961.1260  317.70  1695.470430  1636.212832
36   1961.2027  318.54  1690.172436  1568.962218
37   1961.2877  319.48  1684.295914  1495.378777
38   1961.3699  320.58  1678.607836  1411.514496
39   1961.4548  319.77  1672.727701  1473.034203
40   1961.5370  318.57  1667.029587  1566.586510
41   1961.6219  316.79  1661.139245  1710.660165
42   1961.7068  314.99  1655.243840  1862.796624
43   1961.7890  315.31  1649.531175  1835.276543
44   1961.8740  316.10  1643.619087  1768.213241
45   1961.9562  317.01  1637.897157  1692.510108
46   1962.0411  317.94  1631.982620  1616.854371
47   1962.1260  318.55  1626.063430  1568.170115
48   1962.2027  319.68  1620.712010  1479.950726
49   1962.2877  320.57  1614.777210  1412.265999
50   1962.3699  321.02  1609.033705  1378.646384
51   1962.4548  320.62  1603.097286  1408.510486
52   1962.5370  319.61  1597.345615  1485.341444
53   1962.6219  317.40  1591.400927  1660.572909
54   1962.7068  316.25  1585.452162  1755.620702
55   1962.7890  315.42  1579.688778  1825.863814
56   1962.8740  316.69  1573.725222  1718.942190
57   1962.9562  317.70  1567.954469  1636.212832
58   1963.0411  318.74  1561.990486  1553.158166
59   1963.1260  319.07  1556.022850  1527.256382
60   1963.2027  319.86  1550.628525  1466.133880
61   1963.2877  321.38  1544.647136  1352.042292
62   1963.3699  322.25  1538.859537  1288.819170
63   1963.4548  321.48  1532.878571  1344.698267
64   1963.5370  319.74  1527.084734  1475.337911
65   1963.6219  317.77  1521.097493  1630.554714
66   1963.7068  316.21  1515.107194  1758.974313
67   1963.7890  315.99  1509.304568  1777.476369
68   1963.8740  317.07  1503.301443  1687.576893
69   1963.9562  318.35  1497.493400  1584.050166
70   1964.0410  319.57  1491.498986  1488.426254
71   1964.1257  320.01  1485.509028  1454.669342
72   1964.2049  320.74  1479.905746  1399.517656
73   1964.2896  321.84  1473.910988  1318.425375
74   1964.3716  322.26  1468.105086  1288.101267
75   1964.4563  321.89  1462.105786  1314.796862
76   1964.5383  320.44  1456.295654  1422.053732
77   1964.6230  318.69  1450.292158  1557.101679
78   1964.7077  316.70  1444.286662  1718.113088
79   1964.7896  316.87  1438.477877  1704.048944
80   1964.8743  317.68  1432.468710  1637.831237
81   1964.9563  318.71  1426.649447  1555.523674
82   1965.0411  319.44  1420.629856  1498.473988
83   1965.1260  320.44  1414.601606  1422.053732
84   1965.2027  320.89  1409.154322  1388.317117
85   1965.2877  322.14  1403.116247  1296.729298
86   1965.3699  322.17  1397.275837  1294.569590
87   1965.4548  321.87  1391.242402  1316.247667
88   1965.5370  321.21  1385.399780  1364.573036
89   1965.6219  318.87  1379.364240  1542.928433
90   1965.7068  317.81  1373.327767  1627.325904
91   1965.7890  317.30  1367.482467  1668.732934
92   1965.8740  318.87  1361.437319  1542.928433
93   1965.9562  319.42  1355.590679  1500.022793
94   1966.0411  320.62  1349.551441  1408.510486
95   1966.1260  321.60  1343.511732  1335.911836
96   1966.2027  322.39  1338.055037  1278.786734
97   1966.2877  323.70  1332.007575  1186.811300
98   1966.3699  324.08  1326.159135  1160.773602
99   1966.4548  323.75  1320.118490  1183.368787
100  1966.5370  322.38  1314.269938  1279.502037
101  1966.6219  320.36  1308.229361  1428.093753
102  1966.7068  318.64  1302.188959  1561.050192
103  1966.7890  318.10  1296.340913  1604.012730
104  1966.8740  319.78  1290.294024  1472.266701
105  1966.9562  321.03  1284.446764  1377.903881
106  1967.0411  322.33  1278.407986  1283.081549
107  1967.1260  322.50  1272.369858  1270.931606
108  1967.2027  323.04  1266.915556  1232.721068
109  1967.2877  324.42  1260.871821  1137.721516
110  1967.3699  325.00  1255.028060  1098.930967
111  1967.4548  324.09  1248.993360  1160.092300
112  1967.5370  322.54  1243.151645  1268.081196
113  1967.6219  320.92  1237.119246  1386.082410
114  1967.7068  319.25  1231.088162  1513.219936
115  1967.7890  319.39  1225.250224  1502.347500
116  1967.8740  320.73  1219.214914  1400.265958
117  1967.9562  321.96  1213.379944  1309.725344
118  1968.0410  322.57  1207.362086  1265.945488
119  1968.1257  323.15  1201.353118  1225.008940
120  1968.2049  323.89  1195.736050  1173.756351
121  1968.2896  325.02  1189.730829  1097.605362
122  1968.3716  325.57  1183.919019  1061.464722
123  1968.4563  325.36  1177.917989  1075.192475
124  1968.5383  324.14  1172.110422  1156.688787
125  1968.6230  322.11  1166.113967  1298.890806
126  1968.7077  320.33  1160.119984  1430.362060
127  1968.7896  320.25  1154.326595  1436.419681
128  1968.8743  321.32  1148.337767  1356.458307
129  1968.9563  322.89  1142.542484  1243.276606
130  1969.0411  324.00  1136.552140  1166.231223
131  1969.1260  324.42  1130.557712  1137.721516
132  1969.2027  325.63  1125.144900  1057.558707
133  1969.2877  326.66  1119.149377   991.628143
134  1969.3699  327.38  1113.354478   946.800760
135  1969.4548  326.71  1107.372559   988.481631
136  1969.5370  325.88  1101.584192  1041.361143
137  1969.6219  323.66  1095.609219  1189.568910
138  1969.7068  322.38  1089.637927  1279.502037
139  1969.7890  321.78  1083.860140  1322.786190
140  1969.8740  322.86  1077.889374  1245.393114
141  1969.9562  324.12  1072.119093  1158.049592
142  1970.0411  325.06  1066.163303  1094.956552
143  1970.1260  325.98  1060.211706  1034.917117
144  1970.2027  326.93  1054.838631   974.696374
145  1970.2877  328.13  1048.888305   901.208068
146  1970.3699  328.08  1043.138276   904.212581
147  1970.4548  327.67  1037.203903   929.038185
148  1970.5370  326.34  1031.462735  1011.884225
149  1970.6219  324.69  1025.537719  1119.580147
150  1970.7068  323.10  1019.617613  1228.511453
151  1970.7890  323.06  1013.890557  1231.317063
152  1970.8740  324.01  1007.973467  1165.548320
153  1970.9562  325.13  1002.256273  1090.328834
154  1971.0411  326.17   996.356532  1022.728569
155  1971.1260  326.68   990.462225   990.368938
156  1971.2027  327.17   985.141977   959.768313
157  1971.2877  327.79   979.251384   921.737355
158  1971.3699  328.93   973.560309   853.815864
159  1971.4548  328.57   967.688059   874.983956
160  1971.5370  327.36   962.008234   948.031965
161  1971.6219  325.43   956.147811  1070.606758
162  1971.7068  323.36   950.293558  1210.352986
163  1971.7890  323.56   944.631462  1196.476935
164  1971.8740  324.80   938.782791  1112.231019
165  1971.9562  326.01   933.132970  1032.987809
166  1972.0410  326.77   927.310925   984.712415
167  1972.1257  327.63   921.502425   931.478196
168  1972.2049  327.75   916.077235   924.167765
169  1972.2896  329.72   910.281958   808.272162
170  1972.3716  330.07   904.678081   788.493572
171  1972.4563  329.09   898.896673   844.491023
172  1972.5383  328.04   893.306428   906.619791
173  1972.6230  326.32   887.539312  1013.157030
174  1972.7077  324.84   881.779622  1109.564608
175  1972.7896  325.20   876.217499  1085.710916
176  1972.8743  326.50   870.472735  1001.730584
177  1972.9563  327.55   864.918482   936.367816
178  1973.0411  328.55   859.182320   876.167561
179  1973.1260  329.56   853.447398   817.395403
180  1973.2027  330.30   848.273356   775.629614
181  1973.2877  331.50   842.547254   710.229307
182  1973.3699  332.48   837.017720   658.955457
183  1973.4548  332.07   831.314868   680.173062
184  1973.5370  330.87   825.801530   744.205368
185  1973.6219  329.31   820.115625   831.752967
186  1973.7068  327.51   814.438498   938.817426
187  1973.7890  327.18   808.950386   959.148811
188  1973.8740  328.16   803.284206   899.407760
189  1973.9562  328.64   797.813365   870.847638
190  1974.0411  329.35   792.171906   829.447356
191  1974.1260  330.71   786.539787   752.960609
192  1974.2027  331.48   781.459767   711.295712
193  1974.2877  332.65   775.839136   650.256513
194  1974.3750  333.19   770.076510   623.007975
195  1974.4583  332.20   764.587573   673.409128
196  1974.5417  331.07   759.101598   733.333317
197  1974.6250  329.15   753.631851   841.007407
198  1974.7083  327.33   748.171858   949.880272
199  1974.7917  327.28   742.715190   952.964785
200  1974.8750  328.31   737.275044   890.433222
201  1974.9583  329.58   731.844981   816.252198
202  1975.0417  330.73   726.418610   751.863404
203  1975.1250  331.46   721.009055   712.362917
204  1975.2083  331.94   715.609914   686.970795
205  1975.2917  333.11   710.214835   627.007996
206  1975.3750  333.95   704.836866   585.646181
207  1975.4583  333.42   699.469645   611.579217
208  1975.5417  331.97   694.106858   685.399087
209  1975.6250  329.95   688.761478   795.247203
210  1975.7083  328.50   683.427179   879.130073
211  1975.7917  328.36   678.097690   887.451709
212  1975.8750  329.38   672.785904   827.720249
213  1975.9583  330.78   667.485536   749.123891
214  1976.0417  331.56   662.190357   707.034892
215  1976.1250  332.74   656.913177   645.674590
216  1976.2083  333.36   651.647754   614.550432
217  1976.2917  334.74   646.387902   548.034080
218  1976.3750  334.72   641.146346   548.970885
219  1976.4583  333.98   635.916887   584.195074
220  1976.5417  333.08   630.693383   628.511304
221  1976.6250  330.68   625.488474   754.607917
222  1976.7083  328.96   620.296004   852.063556
223  1976.7917  328.72   615.109876   866.132417
224  1976.8750  330.16   609.942642   783.447249
225  1976.9583  331.62   604.788191   703.847677
226  1977.0417  332.68   599.640472   648.727406
227  1977.1250  333.17   594.511947   624.006781
228  1977.2083  334.96   589.396551   537.782023
229  1977.2917  336.14   584.288281   484.445722
230  1977.3750  336.93   579.199504   450.293820
231  1977.4583  336.17   574.124202   483.126014
232  1977.5417  334.89   569.056425   541.033541
233  1977.6250  332.56   564.008441   654.854636
234  1977.7083  331.29   558.974281   721.466461
235  1977.7917  331.28   553.948046   722.003763
236  1977.8750  332.46   548.941904   659.982662
237  1977.9583  333.60   543.949939   602.708771
238  1978.0417  334.94   538.966300   538.710028
239  1978.1250  335.26   534.003057   523.957947
240  1978.2083  336.66   529.054344   461.825589
241  1978.2917  337.69   524.114362   418.616826
242  1978.3750  338.02   519.195079   405.222042
243  1978.4583  338.01   514.290679   405.624744
244  1978.5417  336.50   509.395421   468.728030
245  1978.6250  334.42   504.521163   563.118961
246  1978.7083  332.36   499.662146   665.130688
247  1978.7917  332.45   494.812683   660.496565
248  1978.8750  333.76   489.984523   594.878330
249  1978.9583  334.91   485.171962   540.103536
250  1979.0417  336.14   480.369370   484.445722
251  1979.1250  336.69   475.588385   460.537081
252  1979.2083  338.27   470.823359   395.219478
253  1979.2917  338.82   466.068722   373.653837
254  1979.3750  339.24   461.335995   357.592930
255  1979.4583  339.26   456.619589   356.836925
256  1979.5417  337.54   451.913992   424.777364
257  1979.6250  335.72   447.230612   503.110629
258  1979.7083  333.97   442.563916   584.678576
259  1979.7917  334.24   437.908454   571.694207
260  1979.8750  335.32   433.275513   521.214731
261  1979.9583  336.81   428.659623   455.401051
262  1980.0417  337.90   424.055394   410.067672
263  1980.1250  338.34   419.473992   392.441160
264  1980.2083  340.07   414.910008   326.891018
265  1980.2917  340.93   410.358117   296.532798
266  1980.3750  341.45   405.829359   278.894266
267  1980.4583  341.36   401.318388   281.908389
268  1980.5417  339.45   396.819944   349.694777
269  1980.6250  337.67   392.344939   419.435631
270  1980.7083  336.25   387.888092   479.615594
271  1980.7917  336.14   383.444210   484.445722
272  1980.8750  337.30   379.024075   434.727826
273  1980.9583  338.29   374.622470   394.424673
274  1981.0417  339.29   370.234270   355.704417
275  1981.1250  340.55   365.870124   309.764496
276  1981.2083  341.63   361.524884   272.914620
277  1981.2917  342.60   357.193493   241.806472
278  1981.3750  343.04   352.886464   228.315960
279  1981.4583  342.54   348.598716   243.676087
280  1981.5417  340.82   344.325265   300.333327
281  1981.6250  338.48   340.076483   386.913924
282  1981.7083  336.95   335.847362   449.445415
283  1981.7917  337.05   331.632987   445.215390
284  1981.8750  338.57   327.443591   383.381401
285  1981.9583  339.91   323.274236   332.702259
286  1982.0417  340.93   319.120079   296.532798
287  1982.1250  341.76   314.991211   268.636286
288  1982.2083  342.78   310.882766   236.240826
289  1982.2917  343.96   306.789976   201.359725
290  1982.3750  344.77   302.722784   179.027818
291  1982.4583  343.88   298.676399   203.636545
292  1982.5417  342.42   294.646128   247.436918
293  1982.6250  340.24   290.641766   320.772675
294  1982.7083  338.38   286.658596   390.857950
295  1982.7917  338.41   282.692004   389.672642
296  1982.8750  339.44   278.751631   350.068879
297  1982.9583  340.78   274.832837   301.721337
298  1983.0417  341.57   270.931087   274.900635
299  1983.1250  342.79   267.055867   235.933523
300  1983.2083  343.37   263.202616   218.452175
301  1983.2917  345.39   259.366877   162.820859
302  1983.3750  346.14   255.557981   144.243168
303  1983.4583  345.76   251.771444   153.515265
304  1983.5417  344.32   248.002892   191.272433
305  1983.6250  342.51   244.261494   244.613595
306  1983.7083  340.46   240.542849   312.940619
307  1983.7917  340.53   236.842664   310.468901
308  1983.8750  341.79   233.169946   267.653779
309  1983.9583  343.20   229.520374   223.506319
310  1984.0417  344.21   225.889743   194.327161
311  1984.1250  344.92   222.286890   175.036279
312  1984.2083  345.68   218.707581   155.504085
313  1984.2917  347.38   215.147694   115.995651
314  1984.3750  347.78   211.615898   107.539549
315  1984.4583  347.16   208.108045   120.782907
316  1984.5417  345.79   204.620098   152.772757
317  1984.6250  343.74   201.160558   207.651781
318  1984.7083  341.59   197.725359   274.237830
319  1984.7917  341.86   194.310556   265.368261
320  1984.8750  343.31   190.924472   220.229391
321  1984.9583  345.00   187.563133   172.925859
322  1985.0417  345.48   184.222681   160.532136
323  1985.1250  346.41   180.911262   137.830599
324  1985.2083  347.91   177.624992   104.860216
325  1985.2917  348.66   174.360104    90.062524
326  1985.3750  349.28   171.124564    78.679166
327  1985.4583  348.65   167.914578    90.252427
328  1985.5417  346.90   164.726473   126.565374
329  1985.6250  345.26   161.568031   166.155392
330  1985.7083  343.47   158.435549   215.506150
331  1985.7917  343.35   155.325451   219.043780
332  1985.8750  344.73   152.245331   180.099828
333  1985.9583  346.12   149.191581   144.723973
334  1986.0417  346.78   146.160719   129.279804
335  1986.1250  347.48   143.160151   113.851625
336  1986.2083  348.25   140.186364    98.012529
337  1986.2917  349.86   137.235973    68.726218
338  1986.3750  350.52   134.316192    58.218849
339  1986.4583  349.98   131.423605    66.750987
340  1986.5417  348.25   128.554926    98.012529
341  1986.6250  346.17   125.717172   143.523460
342  1986.7083  345.48   122.907028   160.532136
343  1986.7917  344.82   120.121306   177.692305
344  1986.8750  346.22   117.366827   142.327947
345  1986.9583  347.49   114.640373   113.638323
346  1987.0417  348.73   111.938860    88.738806
347  1987.1250  348.92   109.268906    85.195258
348  1987.2083  349.81   106.627396    69.557730
349  1987.2917  351.40   104.011349    45.564224
350  1987.3750  352.15   101.427178    36.001533
351  1987.4583  351.58    98.871870    43.166578
352  1987.5417  350.21    96.342551    63.045628
353  1987.6250  348.20    93.845426    99.005042
354  1987.7083  346.66    91.377585   132.023035
355  1987.7917  346.72    88.936261   130.647820
356  1987.8750  348.08    86.527449   101.407472
357  1987.9583  349.28    84.148345    78.679166
358  1988.0417  350.51    81.796289    58.371551
359  1988.1250  351.70    79.477064    41.604148
360  1988.2083  352.50    77.187972    31.923943
361  1988.2917  353.67    74.926464    20.071544
362  1988.3750  354.35    72.698104    14.440971
363  1988.4583  353.88    70.500305    18.233991
364  1988.5417  352.80    68.330627    28.623867
365  1988.6250  350.49    66.194417    58.677557
366  1988.7083  348.97    64.089197    84.274745
367  1988.7917  349.37    62.012640    77.090643
368  1988.8750  350.42    59.969869    59.754874
369  1988.9583  351.62    57.958520    42.642568
370  1989.0417  353.07    55.976378    25.807698
371  1989.1250  353.43    54.028342    22.279606
372  1989.2083  354.08    52.112160    16.565940
373  1989.2917  355.72    50.225735     5.905521
374  1989.3750  355.95    48.373734     4.840562
375  1989.4583  355.44    46.554022     7.344792
376  1989.5417  354.05    44.764618    16.811047
377  1989.6250  351.84    43.009958    39.817712
378  1989.7083  350.09    41.288024    64.965659
379  1989.7917  350.33    39.596953    61.154397
380  1989.8750  351.55    37.940946    43.561686
381  1989.9583  352.91    36.318103    27.458938
382  1990.0417  353.86    34.726682    18.405196
383  1990.1250  355.10    33.170645     9.303279
384  1990.2083  355.75    31.648212     5.760613
385  1990.2917  356.38    30.157762     3.133352
386  1990.3750  357.38    28.703018     0.593097
387  1990.4583  356.39    27.282319     3.098050
388  1990.5417  354.89    25.894169    10.628433
389  1990.6250  353.06    24.542045    25.909400
390  1990.7083  351.38    23.224409    45.834629
391  1990.7917  351.69    21.939892    41.733250
392  1990.8750  353.14    20.691721    25.101380
393  1990.9583  354.41    19.478485    13.988555
394  1991.0417  354.93    18.298938    10.369222
395  1991.1250  355.82    17.156060     5.429495
396  1991.2083  357.33    16.048563     0.672609
397  1991.2917  358.77    14.975332     0.384242
398  1991.3750  359.23    13.939090     1.166124
399  1991.4583  358.23    12.938678     0.006380
400  1991.5417  356.30    11.973112     3.422973
401  1991.6250  353.97    11.044856    17.473468
402  1991.7083  352.34    10.152881    33.757584
403  1991.7917  352.43     9.296334    32.719861
404  1991.8750  353.89     8.477419    18.148688
405  1991.9583  355.21     7.695239     8.644351
406  1992.0417  356.34     6.949072     3.276562
407  1992.1250  357.21     6.240858     0.883840
408  1992.2083  357.97     5.569834     0.032446
409  1992.2917  359.22     4.935412     1.144627
410  1992.3750  359.71     4.339267     2.433202
411  1992.4583  359.44     3.780767     1.663771
412  1992.5417  357.15     3.259462     1.000255
413  1992.6250  354.99     2.776755     9.986407
414  1992.7083  353.01     2.332152    26.420913
415  1992.7917  353.41     1.925341    22.468811
416  1992.8750  354.42     1.557451    13.913853
417  1992.9583  355.68     1.228124     6.101531
418  1993.0417  357.10     0.937188     1.102768
419  1993.1250  357.42     0.685496     0.533086
420  1993.2083  358.59     0.472829     0.193488
421  1993.2917  359.39     0.299157     1.537283
422  1993.3750  360.30     0.165051     4.621951
423  1993.4583  359.64     0.070434     2.219719
424  1993.5417  357.46     0.015418     0.476276
425  1993.6250  355.76     0.000291     5.712710
426  1993.7083  354.14     0.025119    16.081124
427  1993.7917  354.23     0.090158    15.367401
428  1993.8750  355.53     0.195409     6.865069
429  1993.9583  357.03     0.341082     1.254686
430  1994.0417  358.36     0.527580     0.044046
431  1994.1250  359.04     0.754613     0.791873
432  1994.2083  360.11     1.022537     3.841099
433  1994.2917  361.36     1.331904    10.303280
434  1994.3750  361.78     1.682128    13.175973
435  1994.4583  360.94     2.073715     7.783387
436  1994.5417  359.51     2.507365     1.849253
437  1994.6250  357.59     2.982196     0.313743
438  1994.7083  355.86     3.498861     5.244685
439  1994.7917  356.21     4.058215     3.764096
440  1994.8750  357.65     4.659073     0.250128
441  1994.9583  359.10     5.302240     0.902257
442  1995.0417  360.04     5.988723     3.571617
443  1995.1250  361.00     6.717034     8.121772
444  1995.2083  361.98     7.488131    14.667922
445  1995.2917  363.44     8.303174    27.982749
446  1995.3750  363.83     9.160369    32.260949
447  1995.4583  363.33    10.060828    26.831077
448  1995.5417  361.78    11.005869    13.175973
449  1995.6250  359.33    11.993385     1.392099
450  1995.7083  358.32    13.024645     0.028857
451  1995.7917  358.14    14.101125     0.000103
452  1995.8750  359.61    15.220405     2.131227
453  1995.9583  360.82    16.383910     7.128218
454  1996.0417  362.20    17.593277    16.401466
455  1996.1250  363.36    18.845767    27.142769
456  1996.2083  364.28    20.142967    37.575334
457  1996.2917  364.69    21.486674    42.769930
458  1996.3750  365.25    22.873829    50.408186
459  1996.4583  365.06    24.306177    47.746335
460  1996.5417  363.69    25.785683    30.690185
461  1996.6250  361.55    27.308960    11.559132
462  1996.7083  359.69    28.877919     2.371207
463  1996.7917  359.72    30.494687     2.464499
464  1996.8750  361.04    32.155551     8.351362
465  1996.9583  362.39    33.862585    17.976517
466  1997.0417  363.24    35.618085    25.906800
467  1997.1250  364.21    37.418005    36.722052
468  1997.2083  364.65    39.264586    42.248340
469  1997.2917  366.48    41.160293    69.386772
470  1997.3750  366.77    43.100744    74.302198
471  1997.4583  365.73    45.088349    57.454464
472  1997.5417  364.46    47.125743    39.814488
473  1997.6250  362.40    49.208205    18.061414
474  1997.7083  360.44    51.338316     5.243515
475  1997.7917  360.98    53.518882     8.008177
476  1997.8750  362.65    55.744842    20.248851
477  1997.9583  364.51    58.018946    40.447975
478  1998.0417  365.39    60.344177    52.415751
479  1998.1250  366.10    62.715125    63.200469
480  1998.2083  367.36    65.134715    84.821748
481  1998.2917  368.79    67.606106   113.206882
482  1998.3750  369.56    70.123539   130.185186
483  1998.4583  369.13    72.690114   120.557595
484  1998.5417  367.98    75.309169    96.626389
485  1998.6250  366.10    77.974589    63.200469
486  1998.7083  364.16    80.689653    36.118565
487  1998.7917  364.54    83.457878    40.830468
488  1998.8750  365.67    86.272793    56.548479
489  1998.9583  367.30    89.137855    83.720163
490  1999.0417  368.35    92.056763   104.037395
491  1999.1250  369.28    95.022686   123.874057
492  1999.2083  369.84    98.039262   136.653114
493  1999.2917  371.15   101.110372   168.996679
494  1999.3750  371.12   104.228821   168.217587
495  1999.4583  370.46   107.398430   151.532956
496  1999.5417  369.61   110.623266   131.328673
497  1999.6250  367.06   113.895765    79.385824
498  1999.7083  364.95   117.219933    46.238263
499  1999.7917  365.52   120.600024    54.315018
500  1999.8750  366.88   124.028103    76.210670
501  1999.9583  368.26   127.508361   102.209518
502  2000.0417  369.45   131.045242   127.687114
503  2000.1250  369.71   134.630436   133.630647
504  2000.2083  370.75   138.268321   158.756782
505  2000.2917  371.98   141.963532   191.265367
506  2000.3750  371.75   145.707380   184.956526
507  2000.4583  371.87   149.504434   188.234896
508  2000.5417  370.02   153.359522   140.893868
509  2000.6250  368.27   157.263570   102.411815
510  2000.7083  367.15   161.221341    80.997701
511  2000.7917  367.18   165.237856    81.538594
512  2000.8750  368.53   169.303655   107.741749
513  2000.9583  369.83   173.423696   136.419417
514  2001.0417  370.76   177.603194   159.008879
515  2001.1250  371.69   181.832302   183.328142
516  2001.2083  372.63   186.116170   209.666701
517  2001.2917  373.55   190.460215   237.156066
518  2001.3750  374.03   194.854192   252.170344
519  2001.4583  373.40   199.303452   232.558605
520  2001.5417  371.68   203.813611   183.057444
521  2001.6250  369.78   208.374026   135.253929
522  2001.7083  368.34   212.990247   103.833497
523  2001.7917  368.61   217.668091   109.408928
524  2001.8750  369.94   222.396517   139.001089
525  2001.9583  371.42   227.181274   176.089510
526  2002.0417  372.70   232.028384   211.698784
527  2002.1250  373.37   236.926398   231.644512
528  2002.2083  374.30   241.881271   260.818375
529  2002.2917  375.19   246.899230   290.357248
530  2002.3750  375.93   251.968417   316.123859
531  2002.4583  375.69   257.094991   307.647120
532  2002.5417  374.16   262.285388   256.316011
533  2002.6250  372.03   267.527337   192.650855
534  2002.7083  370.92   272.827205   163.069638
535  2002.7917  370.73   278.191635   158.253187
536  2002.8750  372.43   283.607940   203.914753
537  2002.9583  373.98   289.082697   250.584857
538  2003.0417  375.07   294.622760   286.282078
539  2003.1250  375.82   300.215023   312.224387
540  2003.2083  376.64   305.866271   341.875377
541  2003.2917  377.92   311.583573   390.847850
542  2003.3750  378.78   317.353398   425.591631
543  2003.4583  378.46   323.182744   412.490912
544  2003.5417  376.88   329.078897   350.808116
545  2003.6250  374.57   335.027895   269.612206
546  2003.7083  373.34   341.036953   230.732220
547  2003.7917  373.31   347.113572   229.821728
548  2003.8750  374.84   353.243361   278.551837
549  2003.9583  376.17   359.433749   324.715797
550  2004.0417  377.17   365.692457   361.755542
551  2004.1250  378.05   372.004657   396.004917
552  2004.2083  379.06   378.377998   437.222759
553  2004.2917  380.54   384.820423   501.306381
554  2004.3750  380.80   391.316663   513.016715
555  2004.4583  379.87   397.874587   471.752852
556  2004.5417  377.65   404.502361   380.245019
557  2004.6250  376.17   411.184273   324.715797
558  2004.7083  374.43   417.928414   265.034242
559  2004.7917  374.63   424.743176   271.586191
560  2004.8750  376.33   431.612398   330.507756
561  2004.9583  377.68   438.544397   381.415912
562  2005.0417  378.63   445.547791   419.425169
563  2005.1250  379.91   452.605968   473.492042
564  2005.2083  380.95   459.727470   519.834176
565  2005.2917  382.48   466.921144   591.942685
566  2005.3750  382.64   474.169924   599.753845
567  2005.4583  382.40   481.482580   588.056306
568  2005.5417  380.93   488.868191   518.922581
569  2005.6250  378.93   496.309228   431.803092
570  2005.7083  376.89   503.814695   351.182813
571  2005.7917  377.19   511.393902   362.516737
572  2005.8750  378.54   519.028857   415.746892
573  2005.9583  380.31   526.728796   491.059940
574  2006.0417  381.58   534.503265   548.958915
575  2006.1250  382.40   542.333804   588.056306
576  2006.2083  382.86   550.229883   610.577788
577  2006.2917  384.80   558.201284   710.215693
578  2006.3750  385.22   566.229078   732.777986
579  2006.4583  384.24   574.322969   680.681436
580  2006.5417  382.65   582.492980   600.243742
581  2006.6250  380.60   590.719704   503.996766
582  2006.7083  379.04   599.013086   436.386764
583  2006.7917  379.33   607.383388   448.586990
584  2006.8750  380.35   615.810726   492.834330
585  2006.9583  382.02   624.305282   569.770803
586  2007.0417  383.10   632.877563   622.496127
587  2007.1250  384.12   641.507201   674.434267
588  2007.2083  384.81   650.204621   710.748790
589  2007.2917  386.73   658.980574   816.809100
590  2007.3750  386.78   667.814204   819.669587
591  2007.4583  386.33   676.716182   794.105202
592  2007.5417  384.73   685.697506   706.489611
593  2007.6250  382.24   694.736827   580.321947
594  2007.7083  381.20   703.845063   531.296612
595  2007.7917  381.37   713.033461   539.162469
596  2007.8750  382.70   722.280177   602.696229
597  2007.9583  384.19   731.596376   678.074949
598  2008.0417  385.78   740.993558   763.409843
599  2008.1250  386.06   750.449377   778.960971
600  2008.2083  386.28   759.975251   791.289715
601  2008.2917  387.34   769.582931   852.048644
602  2008.3750  388.78   779.249568   938.189076
603  2008.4583  387.99   788.986833   890.417978
604  2008.5417  386.61   798.806731   809.964331
605  2008.6250  384.32   808.685907   684.862215
606  2008.7083  383.41   818.636284   638.061148
607  2008.7917  383.21   828.670127   627.997199
608  2008.8750  384.41   838.763566   689.580892
609  2008.9583  385.79   848.928783   763.962540
610  2009.0417  387.17   859.178301   842.152988
611  2009.1250  387.70   869.487735   873.194952
612  2009.2083  389.04   879.869524   954.184210
613  2009.2917  389.76   890.336454   999.184026
614  2009.3750  390.36   900.863619  1037.475873
615  2009.4583  389.70   911.463718   995.394441
616  2009.5417  388.24   922.149802   905.400414
617  2009.6250  386.29   932.896440   791.852412
618  2009.7083  384.95   943.716593   718.233155
619  2009.7917  384.64   954.623579   701.713334
620  2009.8750  386.23   965.591436   788.479228
621  2009.9583  387.63   976.633392   869.062870
622  2010.0417  388.91   987.763032   946.169743
623  2010.1250  390.41   998.953862  1040.699360
624  2010.2083  391.37  1010.219376  1103.559915
625  2010.2917  392.67  1021.573429  1191.621583
626  2010.3750  393.21  1032.988988  1229.194645
627  2010.4583  392.38  1044.479820  1171.684157
628  2010.5417  390.41  1056.060050  1040.699360
629  2010.6250  388.54  1067.702103   923.544338
630  2010.7083  387.03  1079.420018   834.047023
631  2010.7917  387.43  1091.228193   857.310921
632  2010.8750  388.87  1103.098510   943.710553
633  2010.9583  389.99  1115.045278  1013.777467
634  2011.0417  391.50  1127.083174  1112.213981
635  2011.1250  392.05  1139.183528  1149.201341
636  2011.2083  392.80  1151.360926  1200.613649
637  2011.2917  393.44  1163.630323  1245.375086
638  2011.3750  394.41  1175.962495  1314.778338
639  2011.4583  393.95  1188.372304  1281.630856
640  2011.5417  392.72  1200.874987  1195.076070
641  2011.6250  390.33  1213.440762  1035.544180
642  2011.7083  389.28  1226.084770   969.068949
643  2011.7917  389.19  1238.822531   963.473672
644  2011.8750  390.48  1251.623698  1045.220642
645  2011.9583  392.06  1264.503698  1149.879438
646  2012.0417  393.31  1277.478333  1236.216619
647  2012.1250  394.04  1290.516690  1288.082933
648  2012.2083  394.59  1303.634479  1327.864292
649  2012.2917  396.38  1316.847790  1461.523135
650  2012.3750  396.93  1330.125139  1503.878495
651  2012.4583  395.91  1343.482520  1425.807955
652  2012.5417  394.56  1356.936315  1325.678800
653  2012.6250  392.59  1370.454462  1186.104803
654  2012.7083  391.32  1384.053245  1100.240427
655  2012.7917  391.27  1397.749336  1096.925940
656  2012.8750  393.20  1411.510094  1228.493547
657  2012.9583  394.57  1425.352093  1326.407097
658  2013.0417  395.78  1439.292300  1416.007288
659  2013.1250  397.03  1453.297486  1511.644469
660  2013.2083  397.66  1467.384522  1561.030008
661  2013.2917  398.64  1481.570667  1639.429758
662  2013.3750  400.02  1495.822106  1753.086205
663  2013.4583  398.81  1510.156002  1653.225214
664  2013.5417  397.51  1524.589915  1549.199546
665  2013.6250  395.39  1539.089435  1386.808088
666  2013.7083  393.72  1553.672023  1265.215814
667  2013.7917  393.90  1568.355539  1278.053368
668  2013.8750  395.36  1583.104975  1384.574596
669  2013.9583  397.03  1597.938091  1511.644469
670  2014.0417  398.04  1612.873050  1591.201911
671  2014.1250  398.27  1627.874241  1609.604152
672  2014.2083  399.91  1642.959727  1743.886933
673  2014.2917  401.51  1658.147974  1880.078525
674  2014.3750  401.96  1673.402766  1919.304910
675  2014.4583  401.43  1688.742468  1873.147345
676  2014.5417  399.27  1704.185855  1690.843897
677  2014.6250  397.18  1719.696098  1523.330931
678  2014.7083  395.54  1735.291870  1398.002550
679  2014.7917  396.16  1750.992253  1444.750391
680  2014.8750  397.40  1766.759803  1540.552474
681  2014.9583  399.08  1782.613502  1675.254445
682  2015.0417  400.18  1798.572743  1766.510164
683  2015.1250  400.55  1814.599462  1797.749170
684  2015.2083  401.74  1830.712951  1900.076966
685  2015.2917  403.34  1846.932918  2042.124557
686  2015.3750  404.15  1863.220673  2115.988250
687  2015.4583  402.97  1879.595821  2008.820952
688  2015.5417  401.46  1896.078386  1875.745037
689  2015.6250  399.11  1912.629050  1677.711138
690  2015.7083  397.82  1929.267732  1573.698767
691  2015.7917  398.49  1946.014774  1627.305296
692  2015.8750  400.27  1962.830224  1774.083641
693  2015.9583  402.06  1979.734319  1928.076884
694  2016.0417  402.73  1996.747721  1987.365013
695  2016.1250  404.25  2013.829841  2125.198225
696  2016.2083  405.06  2031.001235  2200.536118
697  2016.2917  407.60  2048.282887  2445.289869
698  2016.3750  407.90  2065.633565  2475.049792
699  2016.4583  406.99  2083.074148  2385.333125
700  2016.5417  404.59  2100.625944  2156.661738
701  2016.6250  402.45  2118.247075  1962.478685
702  2016.7083  401.23  2135.958743  1855.875396
703  2016.7917  401.79  2153.782584  1904.438453
704  2016.8750  403.72  2171.676068  2076.613260
705  2016.9583  404.64  2189.660722  2161.308225
706  2017.0417  406.36  2207.758513  2324.191786
707  2017.1250  406.66  2225.926255  2353.207709
708  2017.2083  407.54  2244.185802  2439.359484
709  2017.2917  409.22  2262.559455  2608.131855
710  2017.3750  409.89  2281.003364  2677.014384
711  2017.4583  409.08  2299.539718  2593.851891
712  2017.5417  407.33  2318.191149  2418.659838
713  2017.6250  405.32  2336.913142  2224.996851
714  2017.7083  403.57  2355.728220  2062.964798
715  2017.7917  403.82  2374.659350  2085.737235
716  2017.8750  405.31  2393.661349  2224.053554
717  2017.9583  407.00  2412.757073  2386.310022
718  2018.0417  408.15  2431.969831  2499.987229
719  2018.1250  408.52  2451.253763  2537.124034
720  2018.2083  409.59  2470.632063  2646.060461
721  2018.2917  410.45  2490.128381  2735.276641
722  2018.3750  411.44  2509.696177  2839.810488
723  2018.4583  410.99  2529.358987  2792.052103
724  2018.5417  408.90  2549.140804  2575.549537
725  2018.6250  407.16  2568.994403  2401.967581
726  2018.7083  405.71  2588.943663  2261.941452
727  2018.7917  406.19  2609.012921  2307.829329
728  2018.8750  408.21  2629.154266  2505.990813
729  2018.9583  409.27  2649.391921  2613.241343
730  2019.0417  411.03  2669.750570  2796.280893
731  2019.1250  411.96  2690.181610  2895.502355
732  2019.2083  412.18  2710.709610  2919.227099
733  2019.2917  413.54  2731.359606  3068.037952
734  2019.3750  414.86  2752.082294  3216.009615
735  2019.4583  414.16  2772.902595  3137.105794
736  2019.5417  411.97  2793.845897  2896.578653
737  2019.6250  410.18  2814.862194  2707.107610
738  2019.7083  408.76  2835.976758  2561.359173
739  2019.7917  408.75  2857.215331  2560.347075
740  2019.8750  410.48  2878.527202  2738.415533
741  2019.9583  411.98  2899.937995  2897.655150
742  2020.0417  413.61  2921.473811  3075.797434
743  2020.1250  414.34  2943.083225  3157.301748
744  2020.2083  414.74  2964.792220  3202.413645
745  2020.2917  416.45  2986.627256  3398.875109
746  2020.3750  417.31  3008.536190  3499.890489
747  2020.4583  416.60  3030.545364  3416.387570
748  2020.5417  414.62  3052.681601  3188.846476
749  2020.6250  412.78  3074.892037  2984.422946
750  2020.7083  411.52  3097.203374  2848.343268
751  2020.7917  411.51  3119.642799  2847.275970
752  2020.8750  413.12  3142.156723  3021.686859
753  2020.9583  414.26  3164.772211  3148.317768
754  2021.0417  415.52  3187.516818  3291.302246
755  2021.1250  416.75  3210.336222  3433.945032
756  2021.2083  417.64  3233.257855  3539.044905
757  2021.2917  419.05  3256.309642  3708.794444
758  2021.3750  419.13  3279.436524  3718.544824
759  2021.4583  418.94  3302.666303  3695.408573
760  2021.5417  416.96  3326.027273  3458.601078
761  2021.6250  414.47  3349.463636  3171.928014
762  2021.7083  413.30  3373.003564  3041.508413
763  2021.7917  413.93  3396.675727  3111.394152
764  2021.8750  415.01  3420.423580  3233.045076
765  2021.9583  416.71  3444.275669  3429.258642
766  2022.0417  418.19  3468.261039  3604.786264
767  2022.1250  419.28  3492.322396  3736.861286
768  2022.2083  418.81  3516.488661  3679.620106
769  2022.2917  420.23  3540.789259  3853.910543
770  2022.3750  420.99  3565.166139  3948.849549
771  2022.4583  420.99  3589.648602  3948.849549
772  2022.5417  418.90  3614.266452  3690.546983
773  2022.6250  417.19  3638.960881  3485.706520
774  2022.7083  415.95  3663.761568  3340.825236
775  2022.7917  415.78  3688.698702  3321.202180
776  2022.8750  417.51  3713.712710  3523.594438
777  2022.9583  418.95  3738.833653  3696.624470
778  2023.0417  419.48  3764.092108  3761.353235
779  2023.1250  420.30  3789.427730  3862.606625
780  2023.2083  420.98  3814.870967  3947.592851
781  2023.2917  423.36  3840.452785  4252.327444
782  2023.3750  424.00  3866.112063  4336.205680