             x       y      Ln y      Ln x     LnxLny      Ln x²         SQREG         SQTOT
0    1958.2027  315.70  5.754792  7.579782  43.620074  57.453100  2.173146e-02  1.500286e-02
1    1958.2877  317.45  5.760320  7.579826  43.662224  57.453758  2.161700e-02  1.367923e-02
2    1958.3699  317.51  5.760509  7.579868  43.663899  57.454395  2.150660e-02  1.363506e-02
3    1958.4548  317.24  5.759659  7.579911  43.657700  57.455052  2.139288e-02  1.383446e-02
4    1958.5370  315.86  5.755299  7.579953  43.624897  57.455688  2.128306e-02  1.487900e-02
5    1958.6219  314.93  5.752350  7.579996  43.602795  57.456345  2.116994e-02  1.560705e-02
6    1958.7068  313.20  5.746842  7.580040  43.561290  57.457002  2.105713e-02  1.701371e-02
7    1958.7890  312.43  5.744380  7.580082  43.542873  57.457639  2.094819e-02  1.766191e-02
8    1958.8740  313.33  5.747257  7.580125  43.564927  57.458296  2.083585e-02  1.690562e-02
9    1958.9562  314.67  5.751524  7.580167  43.597516  57.458933  2.072750e-02  1.581409e-02
10   1959.0411  315.58  5.754412  7.580210  43.619655  57.459590  2.061589e-02  1.509614e-02
11   1959.1260  316.48  5.757260  7.580254  43.641492  57.460247  2.050458e-02  1.440445e-02
12   1959.2027  316.65  5.757797  7.580293  43.645788  57.460840  2.040429e-02  1.427583e-02
13   1959.2877  317.72  5.761170  7.580336  43.671610  57.461498  2.029344e-02  1.348109e-02
14   1959.3699  318.29  5.762963  7.580378  43.685439  57.462134  2.018654e-02  1.306807e-02
15   1959.4548  318.15  5.762523  7.580422  43.682353  57.462791  2.007642e-02  1.316885e-02
16   1959.5370  316.54  5.757450  7.580463  43.644137  57.463427  1.997009e-02  1.435898e-02
17   1959.6219  314.80  5.751938  7.580507  43.602602  57.464084  1.986058e-02  1.571038e-02
18   1959.7068  313.84  5.748883  7.580550  43.579698  57.464741  1.975137e-02  1.648535e-02
19   1959.7890  313.33  5.747257  7.580592  43.567611  57.465376  1.964592e-02  1.690562e-02
20   1959.8740  314.81  5.751969  7.580635  43.603582  57.466034  1.953719e-02  1.570242e-02
21   1959.9562  315.58  5.754412  7.580677  43.622343  57.466670  1.943232e-02  1.509614e-02
22   1960.0410  316.43  5.757102  7.580721  43.642982  57.467326  1.932444e-02  1.444240e-02
23   1960.1257  316.98  5.758839  7.580764  43.656396  57.467981  1.921700e-02  1.402801e-02
24   1960.2049  317.58  5.760730  7.580804  43.670965  57.468594  1.911680e-02  1.358363e-02
25   1960.2896  319.03  5.765285  7.580847  43.705747  57.469249  1.900994e-02  1.254253e-02
26   1960.3716  320.04  5.768446  7.580889  43.729951  57.469883  1.890678e-02  1.184453e-02
27   1960.4563  319.59  5.767039  7.580933  43.719533  57.470538  1.880052e-02  1.215278e-02
28   1960.5383  318.18  5.762617  7.580974  43.686254  57.471172  1.869794e-02  1.314722e-02
29   1960.6230  315.90  5.755426  7.581018  43.631983  57.471827  1.859227e-02  1.484812e-02
30   1960.7077  314.17  5.749934  7.581061  43.590601  57.472482  1.848692e-02  1.621658e-02
31   1960.7896  313.83  5.748851  7.581103  43.582632  57.473116  1.838533e-02  1.649353e-02
32   1960.8743  315.00  5.752573  7.581146  43.611091  57.473770  1.828057e-02  1.555157e-02
33   1960.9563  316.19  5.756343  7.581188  43.639918  57.474405  1.817944e-02  1.462534e-02
34   1961.0411  316.89  5.758555  7.581231  43.656932  57.475060  1.807515e-02  1.409536e-02
35   1961.1260  317.70  5.761108  7.581274  43.676535  57.475717  1.797105e-02  1.349571e-02
36   1961.2027  318.54  5.763748  7.581313  43.696779  57.476310  1.787726e-02  1.288918e-02
37   1961.2877  319.48  5.766695  7.581357  43.719368  57.476967  1.777362e-02  1.222880e-02
38   1961.3699  320.58  5.770132  7.581398  43.745669  57.477602  1.767368e-02  1.148042e-02
39   1961.4548  319.77  5.767602  7.581442  43.726738  57.478259  1.757076e-02  1.202895e-02
40   1961.5370  318.57  5.763842  7.581484  43.698476  57.478894  1.747140e-02  1.286780e-02
41   1961.6219  316.79  5.758239  7.581527  43.656245  57.479550  1.736908e-02  1.417040e-02
42   1961.7068  314.99  5.752541  7.581570  43.613293  57.480207  1.726706e-02  1.555949e-02
43   1961.7890  315.31  5.753556  7.581612  43.621232  57.480842  1.716858e-02  1.530721e-02
44   1961.8740  316.10  5.756059  7.581655  43.640453  57.481499  1.706704e-02  1.469428e-02
45   1961.9562  317.01  5.758933  7.581697  43.662489  57.482134  1.696914e-02  1.400560e-02
46   1962.0411  317.94  5.761863  7.581741  43.684948  57.482790  1.686833e-02  1.332083e-02
47   1962.1260  318.55  5.763779  7.581784  43.699730  57.483446  1.676782e-02  1.288205e-02
48   1962.2027  319.68  5.767320  7.581823  43.726803  57.484039  1.667727e-02  1.209078e-02
49   1962.2877  320.57  5.770101  7.581866  43.748132  57.484696  1.657723e-02  1.148711e-02
50   1962.3699  321.02  5.771503  7.581908  43.759009  57.485331  1.648076e-02  1.118838e-02
51   1962.4548  320.62  5.770257  7.581951  43.749805  57.485987  1.638143e-02  1.145370e-02
52   1962.5370  319.61  5.767102  7.581993  43.726125  57.486622  1.628555e-02  1.213899e-02
53   1962.6219  317.40  5.760163  7.582037  43.673765  57.487278  1.618682e-02  1.371610e-02
54   1962.7068  316.25  5.756533  7.582080  43.646493  57.487934  1.608839e-02  1.457948e-02
55   1962.7890  315.42  5.753905  7.582122  43.626809  57.488569  1.599338e-02  1.522102e-02
56   1962.8740  316.69  5.757923  7.582165  43.657525  57.489226  1.589544e-02  1.424566e-02
57   1962.9562  317.70  5.761108  7.582207  43.681909  57.489861  1.580101e-02  1.349571e-02
58   1963.0411  318.74  5.764376  7.582250  43.706939  57.490517  1.570378e-02  1.274705e-02
59   1963.1260  319.07  5.765411  7.582293  43.715034  57.491173  1.560685e-02  1.251446e-02
60   1963.2027  319.86  5.767883  7.582332  43.734009  57.491765  1.551955e-02  1.196730e-02
61   1963.2877  321.38  5.772624  7.582376  43.770206  57.492422  1.542309e-02  1.095253e-02
62   1963.3699  322.25  5.775328  7.582418  43.790946  57.493057  1.533010e-02  1.039399e-02
63   1963.4548  321.48  5.772935  7.582461  43.773056  57.493713  1.523435e-02  1.088751e-02
64   1963.5370  319.74  5.767508  7.582503  43.732146  57.494347  1.514194e-02  1.204954e-02
65   1963.6219  317.77  5.761328  7.582546  43.685533  57.495003  1.504679e-02  1.344457e-02
66   1963.7068  316.21  5.756407  7.582589  43.648466  57.495659  1.495194e-02  1.461005e-02
67   1963.7890  315.99  5.755711  7.582631  43.643430  57.496294  1.486040e-02  1.477878e-02
68   1963.8740  317.07  5.759123  7.582674  43.669551  57.496950  1.476605e-02  1.396084e-02
69   1963.9562  318.35  5.763151  7.582716  43.700341  57.497585  1.467509e-02  1.302501e-02
70   1964.0410  319.57  5.766976  7.582759  43.729594  57.498240  1.458155e-02  1.216658e-02
71   1964.1257  320.01  5.768352  7.582802  43.740276  57.498894  1.448842e-02  1.186495e-02
72   1964.2049  320.74  5.770631  7.582843  43.757786  57.499505  1.440162e-02  1.137374e-02
73   1964.2896  321.84  5.774055  7.582886  43.783997  57.500159  1.430908e-02  1.065520e-02
74   1964.3716  322.26  5.775359  7.582928  43.794127  57.500792  1.421978e-02  1.038767e-02
75   1964.4563  321.89  5.774210  7.582971  43.785665  57.501446  1.412783e-02  1.062316e-02
76   1964.5383  320.44  5.769695  7.583013  43.751670  57.502079  1.403910e-02  1.157421e-02
77   1964.6230  318.69  5.764219  7.583056  43.710392  57.502733  1.394775e-02  1.278250e-02
78   1964.7077  316.70  5.757955  7.583099  43.663141  57.503387  1.385670e-02  1.423813e-02
79   1964.7896  316.87  5.758492  7.583140  43.667451  57.504019  1.376895e-02  1.411035e-02
80   1964.8743  317.68  5.761045  7.583184  43.687059  57.504673  1.367850e-02  1.351034e-02
81   1964.9563  318.71  5.764282  7.583225  43.711846  57.505306  1.359121e-02  1.276832e-02
82   1965.0411  319.44  5.766569  7.583268  43.729444  57.505960  1.350125e-02  1.225651e-02
83   1965.1260  320.44  5.769695  7.583312  43.753396  57.506615  1.341148e-02  1.157421e-02
84   1965.2027  320.89  5.771098  7.583351  43.764263  57.507207  1.333064e-02  1.127423e-02
85   1965.2877  322.14  5.774986  7.583394  43.793996  57.507863  1.324134e-02  1.046372e-02
86   1965.3699  322.17  5.775079  7.583436  43.794943  57.508498  1.315527e-02  1.044468e-02
87   1965.4548  321.87  5.774148  7.583479  43.788128  57.509153  1.306668e-02  1.063597e-02
88   1965.5370  321.21  5.772095  7.583521  43.772803  57.509787  1.298119e-02  1.106356e-02
89   1965.6219  318.87  5.764783  7.583564  43.717604  57.510442  1.289319e-02  1.265514e-02
90   1965.7068  317.81  5.761454  7.583607  43.692602  57.511097  1.280550e-02  1.341540e-02
91   1965.7890  317.30  5.759848  7.583649  43.680663  57.511732  1.272088e-02  1.379001e-02
92   1965.8740  318.87  5.764783  7.583692  43.718344  57.512388  1.263368e-02  1.265514e-02
93   1965.9562  319.42  5.766507  7.583734  43.731654  57.513022  1.254964e-02  1.227037e-02
94   1966.0411  320.62  5.770257  7.583777  43.760341  57.513677  1.246314e-02  1.145370e-02
95   1966.1260  321.60  5.773309  7.583820  43.783735  57.514332  1.237694e-02  1.080977e-02
96   1966.2027  322.39  5.775762  7.583859  43.802567  57.514923  1.229932e-02  1.030562e-02
97   1966.2877  323.70  5.779817  7.583903  43.833571  57.515579  1.221360e-02  9.498727e-03
98   1966.3699  324.08  5.780990  7.583944  43.842710  57.516213  1.213099e-02  9.271413e-03
99   1966.4548  323.75  5.779972  7.583988  43.835233  57.516868  1.204596e-02  9.468645e-03
100  1966.5370  322.38  5.775731  7.584029  43.803314  57.517502  1.196393e-02  1.031192e-02
101  1966.6219  320.36  5.769445  7.584073  43.755892  57.518157  1.187949e-02  1.162800e-02
102  1966.7068  318.64  5.764062  7.584116  43.715313  57.518812  1.179537e-02  1.281801e-02
103  1966.7890  318.10  5.762366  7.584158  43.702690  57.519446  1.171420e-02  1.320495e-02
104  1966.8740  319.78  5.767633  7.584201  43.742889  57.520101  1.163057e-02  1.202210e-02
105  1966.9562  321.03  5.771535  7.584243  43.772718  57.520735  1.154998e-02  1.118179e-02
106  1967.0411  322.33  5.775576  7.584286  43.803618  57.521390  1.146704e-02  1.034344e-02
107  1967.1260  322.50  5.776103  7.584329  43.807866  57.522044  1.138441e-02  1.023647e-02
108  1967.2027  323.04  5.777776  7.584368  43.820780  57.522636  1.131002e-02  9.900732e-03
109  1967.2877  324.42  5.782039  7.584411  43.853360  57.523291  1.122786e-02  9.070582e-03
110  1967.3699  325.00  5.783825  7.584453  43.867149  57.523925  1.114870e-02  8.733537e-03
111  1967.4548  324.09  5.781021  7.584496  43.846133  57.524580  1.106723e-02  9.265472e-03
112  1967.5370  322.54  5.776227  7.584538  43.810013  57.525213  1.098865e-02  1.021139e-02
113  1967.6219  320.92  5.771192  7.584581  43.772072  57.525868  1.090778e-02  1.125439e-02
114  1967.7068  319.25  5.765974  7.584624  43.732749  57.526522  1.082721e-02  1.238860e-02
115  1967.7890  319.39  5.766413  7.584666  43.736315  57.527156  1.074949e-02  1.229119e-02
116  1967.8740  320.73  5.770600  7.584709  43.768319  57.527811  1.066943e-02  1.138039e-02
117  1967.9562  321.96  5.774427  7.584751  43.797592  57.528445  1.059229e-02  1.057838e-02
118  1968.0410  322.57  5.776320  7.584794  43.812198  57.529099  1.051300e-02  1.019260e-02
119  1968.1257  323.15  5.778117  7.584837  43.826072  57.529752  1.043411e-02  9.833095e-03
120  1968.2049  323.89  5.780404  7.584877  43.843654  57.530362  1.036061e-02  9.384693e-03
121  1968.2896  325.02  5.783887  7.584920  43.870319  57.531015  1.028231e-02  8.722039e-03
122  1968.3716  325.57  5.785577  7.584962  43.883385  57.531647  1.020678e-02  8.409089e-03
123  1968.4563  325.36  5.784932  7.585005  43.878740  57.532299  1.012906e-02  8.527842e-03
124  1968.5383  324.14  5.781176  7.585047  43.850486  57.532931  1.005411e-02  9.235797e-03
125  1968.6230  322.11  5.774893  7.585090  43.803082  57.533584  9.976980e-03  1.048279e-02
126  1968.7077  320.33  5.769352  7.585133  43.761298  57.534237  9.900153e-03  1.164821e-02
127  1968.7896  320.25  5.769102  7.585174  43.759643  57.534868  9.826152e-03  1.170218e-02
128  1968.8743  321.32  5.772438  7.585217  43.785193  57.535521  9.749916e-03  1.099165e-02
129  1968.9563  322.89  5.777312  7.585259  43.822405  57.536152  9.676396e-03  9.993375e-03
130  1969.0411  324.00  5.780744  7.585302  43.848685  57.536806  9.600662e-03  9.319018e-03
131  1969.1260  324.42  5.782039  7.585345  43.858761  57.537460  9.525139e-03  9.070582e-03
132  1969.2027  325.63  5.785762  7.585384  43.887225  57.538051  9.457170e-03  8.375326e-03
133  1969.2877  326.66  5.788920  7.585427  43.911430  57.538706  9.382134e-03  7.807260e-03
134  1969.3699  327.38  5.791122  7.585469  43.928373  57.539339  9.309856e-03  7.423029e-03
135  1969.4548  326.71  5.789073  7.585512  43.913082  57.539993  9.235501e-03  7.780236e-03
136  1969.5370  325.88  5.786529  7.585554  43.894028  57.540626  9.163797e-03  8.235446e-03
137  1969.6219  323.66  5.779694  7.585597  43.842426  57.541280  9.090035e-03  9.522831e-03
138  1969.7068  322.38  5.775731  7.585640  43.812616  57.541934  9.016574e-03  1.031192e-02
139  1969.7890  321.78  5.773868  7.585682  43.798726  57.542567  8.945736e-03  1.069373e-02
140  1969.8740  322.86  5.777219  7.585725  43.824392  57.543222  8.872783e-03  1.001196e-02
141  1969.9562  324.12  5.781114  7.585767  43.854180  57.543855  8.802519e-03  9.247661e-03
142  1970.0411  325.06  5.784010  7.585810  43.876397  57.544509  8.730244e-03  8.699068e-03
143  1970.1260  325.98  5.786836  7.585853  43.898086  57.545162  8.658270e-03  8.179854e-03
144  1970.2027  326.93  5.789746  7.585892  43.920387  57.545753  8.593506e-03  7.661938e-03
145  1970.2877  328.13  5.793410  7.585935  43.948430  57.546408  8.522021e-03  7.033959e-03
146  1970.3699  328.08  5.793257  7.585977  43.947516  57.547041  8.453177e-03  7.059544e-03
147  1970.4548  327.67  5.792007  7.586020  43.938279  57.547694  8.382368e-03  7.271241e-03
148  1970.5370  326.34  5.787940  7.586061  43.907666  57.548327  8.314098e-03  7.981420e-03
149  1970.6219  324.69  5.782871  7.586104  43.869463  57.548981  8.243882e-03  8.912813e-03
150  1970.7068  323.10  5.777962  7.586148  43.832471  57.549634  8.173966e-03  9.863807e-03
151  1970.7890  323.06  5.777838  7.586189  43.831773  57.550267  8.106560e-03  9.888415e-03
152  1970.8740  324.01  5.780774  7.586232  43.854298  57.550922  8.037154e-03  9.313060e-03
153  1970.9562  325.13  5.784225  7.586274  43.880717  57.551554  7.970322e-03  8.658949e-03
154  1971.0411  326.17  5.787419  7.586317  43.905194  57.552208  7.901590e-03  8.074794e-03
155  1971.1260  326.68  5.788981  7.586360  43.917296  57.552862  7.833159e-03  7.796444e-03
156  1971.2027  327.17  5.790480  7.586399  43.928892  57.553452  7.771595e-03  7.534008e-03
157  1971.2877  327.79  5.792373  7.586442  43.943505  57.554106  7.703656e-03  7.208930e-03
158  1971.3699  328.93  5.795845  7.586484  43.970085  57.554739  7.638242e-03  6.631433e-03
159  1971.4548  328.57  5.794750  7.586527  43.962027  57.555392  7.570974e-03  6.810981e-03
160  1971.5370  327.36  5.791060  7.586569  43.934278  57.556025  7.506132e-03  7.433559e-03
161  1971.6219  325.43  5.785147  7.586612  43.889667  57.556678  7.439455e-03  8.488156e-03
162  1971.7068  323.36  5.778766  7.586655  43.841505  57.557332  7.373079e-03  9.704677e-03
163  1971.7890  323.56  5.779385  7.586697  43.846437  57.557964  7.309100e-03  9.583237e-03
164  1971.8740  324.80  5.783210  7.586740  43.875706  57.558618  7.243238e-03  8.848971e-03
165  1971.9562  326.01  5.786928  7.586781  43.904158  57.559251  7.179831e-03  8.163216e-03
166  1972.0410  326.77  5.789257  7.586824  43.922072  57.559903  7.114714e-03  7.747875e-03
167  1972.1257  327.63  5.791885  7.586867  43.942262  57.560555  7.049972e-03  7.292076e-03
168  1972.2049  327.75  5.792251  7.586907  43.945273  57.561164  6.989705e-03  7.229668e-03
169  1972.2896  329.72  5.798244  7.586950  43.990988  57.561816  6.925541e-03  6.246494e-03
170  1972.3716  330.07  5.799305  7.586992  43.999279  57.562447  6.863707e-03  6.079917e-03
171  1972.4563  329.09  5.796331  7.587035  43.976968  57.563099  6.800131e-03  6.552466e-03
172  1972.5383  328.04  5.793136  7.587076  43.952962  57.563729  6.738866e-03  7.080048e-03
173  1972.6230  326.32  5.787878  7.587119  43.913325  57.564381  6.675877e-03  7.992374e-03
174  1972.7077  324.84  5.783333  7.587162  43.879084  57.565032  6.613187e-03  8.825817e-03
175  1972.7896  325.20  5.784440  7.587204  43.887728  57.565662  6.552853e-03  8.618931e-03
176  1972.8743  326.50  5.788430  7.587247  43.918247  57.566314  6.490750e-03  7.894078e-03
177  1972.9563  327.55  5.791641  7.587288  43.942848  57.566945  6.430910e-03  7.333843e-03
178  1973.0411  328.55  5.794689  7.587331  43.966226  57.567597  6.369322e-03  6.821032e-03
179  1973.1260  329.56  5.797758  7.587374  43.989764  57.568250  6.307960e-03  6.323453e-03
180  1973.2027  330.30  5.800001  7.587413  44.007007  57.568840  6.252783e-03  5.971772e-03
181  1973.2877  331.50  5.803628  7.587456  44.034772  57.569493  6.191920e-03  5.424435e-03
182  1973.3699  332.48  5.806580  7.587498  44.057412  57.570125  6.133347e-03  4.998330e-03
183  1973.4548  332.07  5.805346  7.587541  44.048299  57.570778  6.073146e-03  5.174326e-03
184  1973.5370  330.87  5.801726  7.587583  44.021072  57.571410  6.015144e-03  5.708260e-03
185  1973.6219  329.31  5.797000  7.587626  43.985463  57.572063  5.955532e-03  6.444721e-03
186  1973.7068  327.51  5.791519  7.587669  43.944124  57.572716  5.896219e-03  7.354775e-03
187  1973.7890  327.18  5.790510  7.587710  43.936716  57.573348  5.839078e-03  7.528703e-03
188  1973.8740  328.16  5.793501  7.587753  43.959659  57.574001  5.780286e-03  7.018633e-03
189  1973.9562  328.64  5.794963  7.587795  43.970991  57.574633  5.723715e-03  6.775866e-03
190  1974.0411  329.35  5.797121  7.587838  43.987615  57.575286  5.665581e-03  6.425234e-03
191  1974.1260  330.71  5.801242  7.587881  44.019133  57.575939  5.607746e-03  5.781582e-03
192  1974.2027  331.48  5.803567  7.587920  44.037005  57.576528  5.555754e-03  5.433326e-03
193  1974.2877  332.65  5.807091  7.587963  44.063991  57.577182  5.498422e-03  4.926312e-03
194  1974.3750  333.19  5.808713  7.588007  44.076555  57.577853  5.439850e-03  4.701252e-03
195  1974.4583  332.20  5.805737  7.588049  44.054220  57.578493  5.384256e-03  5.118169e-03
196  1974.5417  331.07  5.802330  7.588092  44.028610  57.579134  5.328884e-03  5.617314e-03
197  1974.6250  329.15  5.796514  7.588134  43.984720  57.579774  5.273867e-03  6.522985e-03
198  1974.7083  327.33  5.790969  7.588176  43.942891  57.580415  5.219137e-03  7.449371e-03
199  1974.7917  327.28  5.790816  7.588218  43.941976  57.581056  5.164630e-03  7.475764e-03
200  1974.8750  328.31  5.793958  7.588260  43.966064  57.581696  5.110476e-03  6.942271e-03
201  1974.9583  329.58  5.797819  7.588303  43.995606  57.582336  5.056610e-03  6.313806e-03
202  1975.0417  330.73  5.801302  7.588345  44.022282  57.582977  5.002967e-03  5.772389e-03
203  1975.1250  331.46  5.803507  7.588387  44.039258  57.583617  4.949676e-03  5.442225e-03
204  1975.2083  331.94  5.804954  7.588429  44.050484  57.584257  4.896673e-03  5.230811e-03
205  1975.2917  333.11  5.808473  7.588471  44.077429  57.584898  4.843895e-03  4.734239e-03
206  1975.3750  333.95  5.810991  7.588514  44.096786  57.585538  4.791467e-03  4.394005e-03
207  1975.4583  333.42  5.809403  7.588556  44.084978  57.586178  4.739327e-03  4.607100e-03
208  1975.5417  331.97  5.805045  7.588598  44.052149  57.586818  4.687412e-03  5.217747e-03
209  1975.6250  329.95  5.798941  7.588640  44.006077  57.587458  4.635847e-03  6.136756e-03
210  1975.7083  328.50  5.794537  7.588682  43.972899  57.588098  4.584569e-03  6.846195e-03
211  1975.7917  328.36  5.794111  7.588724  43.969909  57.588739  4.533518e-03  6.916917e-03
212  1975.8750  329.38  5.797212  7.588767  43.993690  57.589379  4.482815e-03  6.410641e-03
213  1975.9583  330.78  5.801454  7.588809  44.026121  57.590019  4.432400e-03  5.749442e-03
214  1976.0417  331.56  5.803809  7.588851  44.044240  57.590659  4.382211e-03  5.397810e-03
215  1976.1250  332.74  5.807361  7.588893  44.071445  57.591299  4.332371e-03  4.888411e-03
216  1976.2083  333.36  5.809223  7.588935  44.085817  57.591939  4.282817e-03  4.631563e-03
217  1976.2917  334.74  5.813354  7.588977  44.117413  57.592579  4.233492e-03  4.086337e-03
218  1976.3750  334.72  5.813294  7.589020  44.117205  57.593219  4.184512e-03  4.093980e-03
219  1976.4583  333.98  5.811081  7.589062  44.100654  57.593859  4.135820e-03  4.382104e-03
220  1976.5417  333.08  5.808383  7.589104  44.080420  57.594499  4.087357e-03  4.746641e-03
221  1976.6250  330.68  5.801151  7.589146  44.025784  57.595139  4.039240e-03  5.795386e-03
222  1976.7083  328.96  5.795936  7.589188  43.986451  57.595779  3.991409e-03  6.616588e-03
223  1976.7917  328.72  5.795206  7.589230  43.981156  57.596419  3.943808e-03  6.735854e-03
224  1976.8750  330.16  5.799577  7.589273  44.014574  57.597059  3.896551e-03  6.037475e-03
225  1976.9583  331.62  5.803990  7.589315  44.048305  57.597698  3.849581e-03  5.371254e-03
226  1977.0417  332.68  5.807181  7.589357  44.072770  57.598338  3.802842e-03  4.913661e-03
227  1977.1250  333.17  5.808653  7.589399  44.084185  57.598978  3.756446e-03  4.709487e-03
228  1977.2083  334.96  5.814011  7.589441  44.125095  57.599617  3.710336e-03  4.002771e-03
229  1977.2917  336.14  5.817528  7.589483  44.152030  57.600258  3.664459e-03  3.570162e-03
230  1977.3750  336.93  5.819875  7.589525  44.170091  57.600897  3.618923e-03  3.295148e-03
231  1977.4583  336.17  5.817617  7.589568  44.153197  57.601537  3.573674e-03  3.559505e-03
232  1977.5417  334.89  5.813802  7.589610  44.124489  57.602177  3.528657e-03  4.029260e-03
233  1977.6250  332.56  5.806820  7.589652  44.071745  57.602816  3.483981e-03  4.964369e-03
234  1977.7083  331.29  5.802994  7.589694  44.042950  57.603455  3.439592e-03  5.518180e-03
235  1977.7917  331.28  5.802964  7.589736  44.042965  57.604096  3.395437e-03  5.522665e-03
236  1977.8750  332.46  5.806520  7.589778  44.070196  57.604735  3.351620e-03  5.006839e-03
237  1977.9583  333.60  5.809943  7.589820  44.096422  57.605374  3.308091e-03  4.534124e-03
238  1978.0417  334.94  5.813951  7.589863  44.127092  57.606014  3.264796e-03  4.010330e-03
239  1978.1250  335.26  5.814906  7.589905  44.134585  57.606653  3.221839e-03  3.890294e-03
240  1978.2083  336.66  5.819074  7.589947  44.166459  57.607293  3.179168e-03  3.387829e-03
241  1978.2917  337.69  5.822128  7.589989  44.189890  57.607933  3.136734e-03  3.041551e-03
242  1978.3750  338.02  5.823105  7.590031  44.197548  57.608572  3.094636e-03  2.934769e-03
243  1978.4583  338.01  5.823075  7.590073  44.197569  57.609211  3.052824e-03  2.937975e-03
244  1978.5417  336.50  5.818598  7.590115  44.163831  57.609851  3.011249e-03  3.443392e-03
245  1978.6250  334.42  5.812398  7.590157  44.117014  57.610490  2.970010e-03  4.209530e-03
246  1978.7083  332.36  5.806219  7.590200  44.070359  57.611129  2.929057e-03  5.049503e-03
247  1978.7917  332.45  5.806489  7.590242  44.072658  57.611769  2.888342e-03  5.011097e-03
248  1978.8750  333.76  5.810422  7.590284  44.102753  57.612408  2.847961e-03  4.469779e-03
249  1978.9583  334.91  5.813862  7.590326  44.129106  57.613047  2.807867e-03  4.021682e-03
250  1979.0417  336.14  5.817528  7.590368  44.157176  57.613687  2.768010e-03  3.570162e-03
251  1979.1250  336.69  5.819163  7.590410  44.169831  57.614326  2.728488e-03  3.377464e-03
252  1979.2083  338.27  5.823844  7.590452  44.205612  57.614965  2.689251e-03  2.855212e-03
253  1979.2917  338.82  5.825469  7.590494  44.218189  57.615604  2.650254e-03  2.684233e-03
254  1979.3750  339.24  5.826708  7.590536  44.227838  57.616243  2.611589e-03  2.557401e-03
255  1979.4583  339.26  5.826767  7.590579  44.228531  57.616882  2.573210e-03  2.551442e-03
256  1979.5417  337.54  5.821684  7.590621  44.190195  57.617522  2.535071e-03  3.090754e-03
257  1979.6250  335.72  5.816277  7.590663  44.149401  57.618160  2.497263e-03  3.721134e-03
258  1979.7083  333.97  5.811051  7.590705  44.109974  57.618799  2.459742e-03  4.386069e-03
259  1979.7917  334.24  5.811859  7.590747  44.116353  57.619439  2.422461e-03  4.279682e-03
260  1979.8750  335.32  5.815085  7.590789  44.141085  57.620077  2.385511e-03  3.868004e-03
261  1979.9583  336.81  5.819519  7.590831  44.174985  57.620716  2.348846e-03  3.336172e-03
262  1980.0417  337.90  5.822750  7.590873  44.199757  57.621356  2.312423e-03  2.973366e-03
263  1980.1250  338.34  5.824051  7.590915  44.209880  57.621994  2.276330e-03  2.833142e-03
264  1980.2083  340.07  5.829151  7.590957  44.248840  57.622633  2.240522e-03  2.316217e-03
265  1980.2917  340.93  5.831677  7.590999  44.268258  57.623272  2.204956e-03  2.079487e-03
266  1980.3750  341.45  5.833201  7.591041  44.280073  57.623911  2.169719e-03  1.942810e-03
267  1980.4583  341.36  5.832938  7.591084  44.278317  57.624550  2.134768e-03  1.966119e-03
268  1980.5417  339.45  5.827327  7.591126  44.235969  57.625189  2.100060e-03  2.495194e-03
269  1980.6250  337.67  5.822069  7.591168  44.196303  57.625828  2.065679e-03  3.048088e-03
270  1980.7083  336.25  5.817855  7.591210  44.164557  57.626466  2.031583e-03  3.531169e-03
271  1980.7917  336.14  5.817528  7.591252  44.162318  57.627105  1.997732e-03  3.570162e-03
272  1980.8750  337.30  5.820973  7.591294  44.188715  57.627744  1.964207e-03  3.170347e-03
273  1980.9583  338.29  5.823904  7.591336  44.211208  57.628382  1.930967e-03  2.848897e-03
274  1981.0417  339.29  5.826855  7.591378  44.233861  57.629021  1.897972e-03  2.542517e-03
275  1981.1250  340.55  5.830562  7.591420  44.262245  57.629660  1.865303e-03  2.182442e-03
276  1981.2083  341.63  5.833728  7.591462  44.286528  57.630298  1.832918e-03  1.896628e-03
277  1981.2917  342.60  5.836564  7.591504  44.308297  57.630937  1.800780e-03  1.657710e-03
278  1981.3750  343.04  5.837847  7.591546  44.318286  57.631576  1.768966e-03  1.554845e-03
279  1981.4583  342.54  5.836388  7.591588  44.307459  57.632214  1.737436e-03  1.672003e-03
280  1981.5417  340.82  5.831354  7.591630  44.269488  57.632853  1.706154e-03  2.109023e-03
281  1981.6250  338.48  5.824465  7.591672  44.217431  57.633491  1.675194e-03  2.789273e-03
282  1981.7083  336.95  5.819935  7.591715  44.183282  57.634129  1.644519e-03  3.288337e-03
283  1981.7917  337.05  5.820231  7.591757  44.185779  57.634768  1.614093e-03  3.254393e-03
284  1981.8750  338.57  5.824731  7.591799  44.220184  57.635407  1.583987e-03  2.761262e-03
285  1981.9583  339.91  5.828681  7.591841  44.250417  57.636045  1.554167e-03  2.361736e-03
286  1982.0417  340.93  5.831677  7.591883  44.273409  57.636684  1.524596e-03  2.079487e-03
287  1982.1250  341.76  5.834109  7.591925  44.292115  57.637322  1.495345e-03  1.863635e-03
288  1982.2083  342.78  5.837089  7.591967  44.314985  57.637960  1.466378e-03  1.615215e-03
289  1982.2917  343.96  5.840525  7.592009  44.341320  57.638599  1.437662e-03  1.350798e-03
290  1982.3750  344.77  5.842878  7.592051  44.359424  57.639237  1.409265e-03  1.183432e-03
291  1982.4583  343.88  5.840293  7.592093  44.340045  57.639875  1.381152e-03  1.367951e-03
292  1982.5417  342.42  5.836038  7.592135  44.307989  57.640514  1.353291e-03  1.700781e-03
293  1982.6250  340.24  5.829651  7.592177  44.259744  57.641152  1.325747e-03  2.268362e-03
294  1982.7083  338.38  5.824170  7.592219  44.218371  57.641790  1.298488e-03  2.820571e-03
295  1982.7917  338.41  5.824258  7.592261  44.219289  57.642428  1.271481e-03  2.811162e-03
296  1982.8750  339.44  5.827297  7.592303  44.242607  57.643066  1.244790e-03  2.498138e-03
297  1982.9583  340.78  5.831237  7.592345  44.272764  57.643704  1.218384e-03  2.119817e-03
298  1983.0417  341.57  5.833553  7.592387  44.290590  57.644343  1.192231e-03  1.911958e-03
299  1983.1250  342.79  5.837118  7.592429  44.317905  57.644981  1.166393e-03  1.612871e-03
300  1983.2083  343.37  5.838809  7.592471  44.330986  57.645618  1.140840e-03  1.479940e-03
301  1983.2917  345.39  5.844674  7.592513  44.375766  57.646257  1.115541e-03  1.063044e-03
302  1983.3750  346.14  5.846843  7.592555  44.392481  57.646895  1.090556e-03  9.263049e-04
303  1983.4583  345.76  5.845745  7.592597  44.384386  57.647532  1.065855e-03  9.943731e-04
304  1983.5417  344.32  5.841571  7.592639  44.352945  57.648171  1.041409e-03  1.274998e-03
305  1983.6250  342.51  5.836301  7.592681  44.313172  57.648809  1.017276e-03  1.679174e-03
306  1983.7083  340.46  5.830298  7.592723  44.267836  57.649446  9.934272e-04  2.207208e-03
307  1983.7917  340.53  5.830503  7.592765  44.269643  57.650085  9.698342e-04  2.187933e-03
308  1983.8750  341.79  5.834197  7.592807  44.297930  57.650722  9.465534e-04  1.856064e-03
309  1983.9583  343.20  5.838313  7.592849  44.329433  57.651360  9.235565e-04  1.518287e-03
310  1984.0417  344.21  5.841252  7.592891  44.351991  57.651998  9.008162e-04  1.297919e-03
311  1984.1250  344.92  5.843313  7.592933  44.367882  57.652636  8.783870e-04  1.153694e-03
312  1984.2083  345.68  5.845513  7.592975  44.384839  57.653273  8.562416e-04  1.009021e-03
313  1984.2917  347.38  5.850419  7.593017  44.422335  57.653912  8.343537e-04  7.214216e-04
314  1984.3750  347.78  5.851570  7.593059  44.431319  57.654549  8.127758e-04  6.609259e-04
315  1984.4583  347.16  5.849786  7.593101  44.418016  57.655187  7.914815e-04  7.558544e-04
316  1984.5417  345.79  5.845832  7.593143  44.388237  57.655825  7.704457e-04  9.889088e-04
317  1984.6250  343.74  5.839886  7.593185  44.343333  57.656462  7.497188e-04  1.398238e-03
318  1984.7083  341.59  5.833611  7.593227  44.295935  57.657100  7.292754e-04  1.906841e-03
319  1984.7917  341.86  5.834401  7.593269  44.302180  57.657738  7.090914e-04  1.838461e-03
320  1984.8750  343.31  5.838634  7.593311  44.334564  57.658375  6.892151e-04  1.493416e-03
321  1984.9583  345.00  5.843544  7.593353  44.372097  57.659013  6.696222e-04  1.137993e-03
322  1985.0417  345.48  5.844935  7.593395  44.382900  57.659651  6.502897e-04  1.046123e-03
323  1985.1250  346.41  5.847623  7.593437  44.403558  57.660288  6.312637e-04  8.794505e-04
324  1985.2083  347.91  5.851944  7.593479  44.436613  57.660925  6.125210e-04  6.418495e-04
325  1985.2917  348.66  5.854097  7.593521  44.453211  57.661563  5.940396e-04  5.373745e-04
326  1985.3750  349.28  5.855874  7.593563  44.466948  57.662200  5.758637e-04  4.581604e-04
327  1985.4583  348.65  5.854069  7.593605  44.453485  57.662838  5.579709e-04  5.387051e-04
328  1985.5417  346.90  5.849037  7.593647  44.415519  57.663476  5.403402e-04  7.976118e-04
329  1985.6250  345.26  5.844298  7.593689  44.379780  57.664113  5.230140e-04  1.087734e-03
330  1985.7083  343.47  5.839100  7.593731  44.340553  57.664750  5.059707e-04  1.457621e-03
331  1985.7917  343.35  5.838750  7.593773  44.338144  57.665388  4.891906e-04  1.484425e-03
332  1985.8750  344.73  5.842762  7.593815  44.368849  57.666025  4.727137e-04  1.191428e-03
333  1985.9583  346.12  5.846786  7.593857  44.399652  57.666662  4.565197e-04  9.298255e-04
334  1986.0417  346.78  5.848691  7.593899  44.414365  57.667300  4.405897e-04  8.172739e-04
335  1986.1250  347.48  5.850707  7.593941  44.429923  57.667937  4.249618e-04  7.060428e-04
336  1986.2083  348.25  5.852921  7.593983  44.446978  57.668574  4.096168e-04  5.933103e-04
337  1986.2917  349.86  5.857533  7.594025  44.482251  57.669211  3.945366e-04  3.898848e-04
338  1986.3750  350.52  5.859418  7.594067  44.496809  57.669848  3.797575e-04  3.190085e-04
339  1986.4583  349.98  5.857876  7.594109  44.485346  57.670485  3.652610e-04  3.764595e-04
340  1986.5417  348.25  5.852921  7.594151  44.447960  57.671123  3.510304e-04  5.933103e-04
341  1986.6250  346.17  5.846930  7.594192  44.402712  57.671760  3.370997e-04  9.210370e-04
342  1986.7083  345.48  5.844935  7.594234  44.387805  57.672397  3.234515e-04  1.046123e-03
343  1986.7917  344.82  5.843023  7.594276  44.373528  57.673034  3.100701e-04  1.173476e-03
344  1986.8750  346.22  5.847074  7.594318  44.404544  57.673671  2.969874e-04  9.122915e-04
345  1986.9583  347.49  5.850736  7.594360  44.432596  57.674308  2.841872e-04  7.045143e-04
346  1987.0417  348.73  5.854298  7.594402  44.459894  57.674945  2.716547e-04  5.281076e-04
347  1987.1250  348.92  5.854843  7.594444  44.464276  57.675582  2.594197e-04  5.033699e-04
348  1987.2083  349.81  5.857390  7.594486  44.483868  57.676219  2.474672e-04  3.955495e-04
349  1987.2917  351.40  5.861925  7.594528  44.518555  57.676856  2.357832e-04  2.357269e-04
350  1987.3750  352.15  5.864057  7.594570  44.534993  57.677493  2.243957e-04  1.748042e-04
351  1987.4583  351.58  5.862437  7.594612  44.522936  57.678129  2.132906e-04  2.202640e-04
352  1987.5417  350.21  5.858533  7.594654  44.493530  57.678767  2.024548e-04  3.513975e-04
353  1987.6250  348.20  5.852777  7.594696  44.450061  57.679403  1.919144e-04  6.003258e-04
354  1987.7083  346.66  5.848344  7.594738  44.416642  57.680040  1.816563e-04  8.371823e-04
355  1987.7917  346.72  5.848518  7.594780  44.418202  57.680677  1.716684e-04  8.271973e-04
356  1987.8750  348.08  5.852432  7.594822  44.448179  57.681314  1.619748e-04  6.173355e-04
357  1987.9583  349.28  5.855874  7.594863  44.474562  57.681950  1.525634e-04  4.581604e-04
358  1988.0417  350.51  5.859389  7.594905  44.501507  57.682587  1.434231e-04  3.200284e-04
359  1988.1250  351.70  5.862779  7.594947  44.527494  57.683224  1.345760e-04  2.102510e-04
360  1988.2083  352.50  5.865051  7.594989  44.544996  57.683860  1.260109e-04  1.495228e-04
361  1988.2917  353.67  5.868364  7.595031  44.570409  57.684498  1.177180e-04  7.946475e-05
362  1988.3750  354.35  5.870285  7.595073  44.585244  57.685134  1.097170e-04  4.890834e-05
363  1988.4583  353.88  5.868958  7.595115  44.575409  57.685770  1.019980e-04  6.923409e-05
364  1988.5417  352.80  5.865901  7.595157  44.552441  57.686407  9.455198e-05  1.294418e-04
365  1988.6250  350.49  5.859332  7.595199  44.502792  57.687044  8.739689e-05  3.220733e-04
366  1988.7083  348.97  5.854986  7.595241  44.470027  57.687680  8.052356e-05  4.969608e-04
367  1988.7917  349.37  5.856132  7.595283  44.478974  57.688317  7.392421e-05  4.471974e-04
368  1988.8750  350.42  5.859132  7.595324  44.502012  57.688953  6.761464e-05  3.292824e-04
369  1988.9583  351.62  5.862551  7.595366  44.528223  57.689589  6.158672e-05  2.169001e-04
370  1989.0417  353.07  5.866666  7.595408  44.559726  57.690226  5.583370e-05  1.126196e-04
371  1989.1250  353.43  5.867685  7.595450  44.567712  57.690863  5.036933e-05  9.202813e-05
372  1989.2083  354.08  5.869523  7.595492  44.581914  57.691499  4.518651e-05  6.015086e-05
373  1989.2917  355.72  5.874144  7.595534  44.617259  57.692136  4.027949e-05  9.826160e-06
374  1989.3750  355.95  5.874790  7.595576  44.622415  57.692772  3.566001e-05  6.191655e-06
375  1989.4583  355.44  5.873356  7.595618  44.611770  57.693408  3.132197e-05  1.538300e-05
376  1989.5417  354.05  5.869438  7.595660  44.582254  57.694045  2.726064e-05  6.147233e-05
377  1989.6250  351.84  5.863177  7.595701  44.534938  57.694681  2.348572e-05  1.988678e-04
378  1989.7083  350.09  5.858190  7.595743  44.497310  57.695317  1.999214e-05  3.643636e-04
379  1989.7917  350.33  5.858876  7.595785  44.502761  57.695953  1.677617e-05  3.386707e-04
380  1989.8750  351.55  5.862352  7.595827  44.529412  57.696589  1.384550e-05  2.228042e-04
381  1989.9583  352.91  5.866213  7.595869  44.558986  57.697225  1.119606e-05  1.224455e-04
382  1990.0417  353.86  5.868901  7.595911  44.579652  57.697862  8.825144e-06  7.017782e-05
383  1990.1250  355.10  5.872399  7.595953  44.606469  57.698498  6.738402e-06  2.380596e-05
384  1990.2083  355.75  5.874228  7.595995  44.620606  57.699134  4.932786e-06  9.304563e-06
385  1990.2917  356.38  5.875998  7.596036  44.634292  57.699770  3.406600e-06  1.640955e-06
386  1990.3750  357.38  5.878800  7.596078  44.655823  57.700406  2.163469e-06  2.313643e-06
387  1990.4583  356.39  5.876026  7.596120  44.634997  57.701042  1.201358e-06  1.569854e-06
388  1990.5417  354.89  5.871808  7.596162  44.603204  57.701679  5.195847e-07  2.992848e-05
389  1990.6250  353.06  5.866638  7.596204  44.564179  57.702314  1.197472e-07  1.132215e-04
390  1990.7083  351.38  5.861868  7.596246  44.528192  57.702950  8.246255e-10  2.374778e-04
391  1990.7917  351.69  5.862750  7.596288  44.535136  57.703586  1.631448e-07  2.110764e-04
392  1990.8750  353.14  5.866865  7.596330  44.566637  57.704222  6.062833e-07  1.084513e-04
393  1990.9583  354.41  5.870454  7.596371  44.594152  57.704858  1.330231e-06  4.656889e-05
394  1991.0417  354.93  5.871921  7.596413  44.605535  57.705494  2.336327e-06  2.870804e-05
395  1991.1250  355.82  5.874425  7.596455  44.624806  57.706130  3.622124e-06  8.142977e-06
396  1991.2083  357.33  5.878660  7.596497  44.657220  57.706765  5.188624e-06  1.907574e-06
397  1991.2917  358.77  5.882682  7.596539  44.688018  57.707402  7.038179e-06  2.919176e-05
398  1991.3750  359.23  5.883963  7.596581  44.697998  57.708037  9.166316e-06  4.467956e-05
399  1991.4583  358.23  5.881175  7.596622  44.677068  57.708673  1.157505e-05  1.518398e-05
400  1991.5417  356.30  5.875773  7.596664  44.636276  57.709309  1.426775e-05  2.266538e-06
401  1991.6250  353.97  5.869212  7.596706  44.586680  57.709945  1.723791e-05  6.506699e-05
402  1991.7083  352.34  5.864597  7.596748  44.551863  57.710580  2.048856e-05  1.608320e-04
403  1991.7917  352.43  5.864852  7.596790  44.554048  57.711216  2.402408e-05  1.544192e-04
404  1991.8750  353.89  5.868986  7.596832  44.585700  57.711852  2.783595e-05  6.876464e-05
405  1991.9583  355.21  5.872709  7.596874  44.614229  57.712487  3.192820e-05  2.087952e-05
406  1992.0417  356.34  5.875885  7.596915  44.638604  57.713123  3.630623e-05  1.941129e-06
407  1992.1250  357.21  5.878324  7.596957  44.657375  57.713759  4.095949e-05  1.092587e-06
408  1992.2083  357.97  5.880449  7.596999  44.673767  57.714394  4.589302e-05  1.005276e-05
409  1992.2917  359.22  5.883935  7.597041  44.700495  57.715030  5.111324e-05  4.430818e-05
410  1992.3750  359.71  5.885298  7.597083  44.711097  57.715665  5.660757e-05  6.431360e-05
411  1992.4583  359.44  5.884547  7.597124  44.705638  57.716300  6.238207e-05  5.283385e-05
412  1992.5417  357.15  5.878156  7.597166  44.657328  57.716936  6.844416e-05  7.696315e-07
413  1992.6250  354.99  5.872090  7.597208  44.611487  57.717572  7.477925e-05  2.692525e-05
414  1992.7083  353.01  5.866496  7.597250  44.569239  57.718207  8.139440e-05  1.162556e-04
415  1992.7917  353.41  5.867629  7.597292  44.578089  57.718843  8.829804e-05  9.311708e-05
416  1992.8750  354.42  5.870483  7.597334  44.600015  57.719478  9.547357e-05  4.618459e-05
417  1992.9583  355.68  5.874031  7.597375  44.627222  57.720113  1.029291e-04  1.054382e-05
418  1993.0417  357.10  5.878016  7.597417  44.657739  57.720749  1.106739e-04  5.435810e-07
419  1993.1250  357.42  5.878912  7.597459  44.664790  57.721384  1.186896e-04  2.666642e-06
420  1993.2083  358.59  5.882180  7.597501  44.689865  57.722019  1.269851e-04  2.402078e-05
421  1993.2917  359.39  5.884408  7.597543  44.707042  57.722655  1.355709e-04  5.083084e-05
422  1993.3750  360.30  5.886937  7.597584  44.726501  57.723290  1.444264e-04  9.328551e-05
423  1993.4583  359.64  5.885104  7.597626  44.712817  57.723925  1.535616e-04  6.122994e-05
424  1993.5417  357.46  5.879023  7.597668  44.666869  57.724560  1.629880e-04  3.044650e-06
425  1993.6250  355.76  5.874256  7.597710  44.630895  57.725195  1.726829e-04  9.133868e-06
426  1993.7083  354.14  5.869692  7.597752  44.596464  57.725830  1.826575e-04  5.755134e-05
427  1993.7917  354.23  5.869946  7.597793  44.598641  57.726466  1.929242e-04  5.376050e-05
428  1993.8750  355.53  5.873610  7.597835  44.626718  57.727101  2.034583e-04  1.346113e-05
429  1993.9583  357.03  5.877820  7.597877  44.658952  57.727735  2.142720e-04  2.929372e-07
430  1994.0417  358.36  5.881538  7.597919  44.687449  57.728371  2.253787e-04  1.814328e-05
431  1994.1250  359.04  5.883434  7.597961  44.702098  57.729006  2.367516e-04  3.788683e-05
432  1994.2083  360.11  5.886410  7.598002  44.724954  57.729641  2.484041e-04  8.337453e-05
433  1994.2917  361.36  5.889875  7.598044  44.751528  57.730276  2.603504e-04  1.586621e-04
434  1994.3750  361.78  5.891036  7.598086  44.760600  57.730911  2.725619e-04  1.892748e-04
435  1994.4583  360.94  5.888712  7.598128  44.743184  57.731546  2.850528e-04  1.307172e-04
436  1994.5417  359.51  5.884742  7.598170  44.713268  57.732181  2.978384e-04  5.570261e-05
437  1994.6250  357.59  5.879387  7.598211  44.672826  57.732816  3.108882e-04  4.445787e-06
438  1994.7083  355.86  5.874537  7.598253  44.636222  57.733450  3.242172e-04  7.514068e-06
439  1994.7917  356.21  5.875520  7.598295  44.643937  57.734086  3.378419e-04  3.091023e-06
440  1994.8750  357.65  5.879555  7.598337  44.674837  57.734720  3.517295e-04  5.181448e-06
441  1994.9583  359.10  5.883601  7.598378  44.705826  57.735355  3.658963e-04  3.997181e-05
442  1995.0417  360.04  5.886215  7.598420  44.725936  57.735990  3.803597e-04  7.986213e-05
443  1995.1250  361.00  5.888878  7.598462  44.746415  57.736625  3.950850e-04  1.345457e-04
444  1995.2083  361.98  5.891589  7.598504  44.767261  57.737259  4.100893e-04  2.047872e-04
445  1995.2917  363.44  5.895614  7.598546  44.798093  57.737894  4.253910e-04  3.361959e-04
446  1995.3750  363.83  5.896687  7.598587  44.806489  57.738529  4.409536e-04  3.766763e-04
447  1995.4583  363.33  5.895312  7.598629  44.796285  57.739163  4.567951e-04  3.251868e-04
448  1995.5417  361.78  5.891036  7.598671  44.764046  57.739798  4.729349e-04  1.892748e-04
449  1995.6250  359.33  5.884241  7.598713  44.712657  57.740433  4.893344e-04  4.847795e-05
450  1995.7083  358.32  5.881426  7.598754  44.691514  57.741067  5.060128e-04  1.720480e-05
451  1995.7917  358.14  5.880924  7.598796  44.687942  57.741702  5.229904e-04  1.328891e-05
452  1995.8750  359.61  5.885020  7.598838  44.719313  57.742336  5.402266e-04  5.993138e-05
453  1995.9583  360.82  5.888379  7.598880  44.745085  57.742971  5.577414e-04  1.232243e-04
454  1996.0417  362.20  5.892197  7.598921  44.774338  57.743606  5.755565e-04  2.225458e-04
455  1996.1250  363.36  5.895394  7.598963  44.798882  57.744240  5.936290e-04  3.281715e-04
456  1996.2083  364.28  5.897923  7.599005  44.818344  57.744874  6.119801e-04  4.261841e-04
457  1996.2917  364.69  5.899048  7.599047  44.827138  57.745509  6.306323e-04  4.738938e-04
458  1996.3750  365.25  5.900582  7.599088  44.839044  57.746143  6.495409e-04  5.430520e-04
459  1996.4583  365.06  5.900062  7.599130  44.835336  57.746777  6.687279e-04  5.190719e-04
460  1996.5417  363.69  5.896302  7.599172  44.807011  57.747412  6.882169e-04  3.618852e-04
461  1996.6250  361.55  5.890400  7.599214  44.762410  57.748046  7.079612e-04  1.721808e-04
462  1996.7083  359.69  5.885243  7.599255  44.723460  57.748680  7.279838e-04  6.342489e-05
463  1996.7917  359.72  5.885326  7.599297  44.724340  57.749315  7.483093e-04  6.476026e-05
464  1996.8750  361.04  5.888989  7.599339  44.752420  57.749949  7.688890e-04  1.371283e-04
465  1996.9583  362.39  5.892721  7.599380  44.781029  57.750583  7.897469e-04  2.384679e-04
466  1997.0417  363.24  5.895064  7.599422  44.799079  57.751218  8.109086e-04  3.163133e-04
467  1997.1250  364.21  5.897731  7.599464  44.819591  57.751852  8.323233e-04  4.182863e-04
468  1997.2083  364.65  5.898938  7.599506  44.829012  57.752486  8.540162e-04  4.691302e-04
469  1997.2917  366.48  5.903944  7.599547  44.867302  57.753121  8.760138e-04  7.110422e-04
470  1997.3750  366.77  5.904735  7.599589  44.873559  57.753754  8.982633e-04  7.538524e-04
471  1997.4583  365.73  5.901895  7.599631  44.852226  57.754388  9.207909e-04  6.059859e-04
472  1997.5417  364.46  5.898417  7.599673  44.826036  57.755023  9.436240e-04  4.468248e-04
473  1997.6250  362.40  5.892749  7.599714  44.783205  57.755657  9.667080e-04  2.393209e-04
474  1997.7083  360.44  5.887326  7.599756  44.742237  57.756291  9.900699e-04  1.009408e-04
475  1997.7917  360.98  5.888823  7.599798  44.753860  57.756925  1.013738e-03  1.332635e-04
476  1997.8750  362.65  5.893438  7.599839  44.789184  57.757559  1.037656e-03  2.611329e-04
477  1997.9583  364.51  5.898554  7.599881  44.828309  57.758193  1.061852e-03  4.526431e-04
478  1998.0417  365.39  5.900965  7.599923  44.846881  57.758827  1.086356e-03  5.610598e-04
479  1998.1250  366.10  5.902907  7.599965  44.861880  57.759461  1.111108e-03  6.567916e-04
480  1998.2083  367.36  5.906342  7.600006  44.888238  57.760094  1.136137e-03  8.446997e-04
481  1998.2917  368.79  5.910227  7.600048  44.918011  57.760729  1.161475e-03  1.085624e-03
482  1998.3750  369.56  5.912313  7.600090  44.934110  57.761362  1.187061e-03  1.227419e-03
483  1998.4583  369.13  5.911149  7.600131  44.925508  57.761996  1.212924e-03  1.147198e-03
484  1998.5417  367.98  5.908029  7.600173  44.902040  57.762630  1.239096e-03  9.455633e-04
485  1998.6250  366.10  5.902907  7.600215  44.863357  57.763264  1.265515e-03  6.567916e-04
486  1998.7083  364.16  5.897593  7.600256  44.823221  57.763897  1.292211e-03  4.126893e-04
487  1998.7917  364.54  5.898636  7.600298  44.831394  57.764532  1.319217e-03  4.561518e-04
488  1998.8750  365.67  5.901731  7.600340  44.855163  57.765165  1.346468e-03  5.979351e-04
489  1998.9583  367.30  5.906179  7.600381  44.889213  57.765799  1.373997e-03  8.352318e-04
490  1999.0417  368.35  5.909034  7.600423  44.911156  57.766433  1.401837e-03  1.008380e-03
491  1999.1250  369.28  5.911555  7.600465  44.930567  57.767066  1.429921e-03  1.174885e-03
492  1999.2083  369.84  5.913070  7.600507  44.942331  57.767700  1.458283e-03  1.281060e-03
493  1999.2917  371.15  5.916606  7.600548  44.969452  57.768334  1.486956e-03  1.546669e-03
494  1999.3750  371.12  5.916525  7.600590  44.969084  57.768967  1.515873e-03  1.540318e-03
495  1999.4583  370.46  5.914745  7.600632  44.955801  57.769600  1.545066e-03  1.403769e-03
496  1999.5417  369.61  5.912448  7.600673  44.938589  57.770234  1.574572e-03  1.236916e-03
497  1999.6250  367.06  5.905525  7.600715  44.886215  57.770868  1.604321e-03  7.978787e-04
498  1999.7083  364.95  5.899760  7.600757  44.842642  57.771501  1.634346e-03  5.054306e-04
499  1999.7917  365.52  5.901321  7.600798  44.854751  57.772135  1.664685e-03  5.780381e-04
500  1999.8750  366.88  5.905035  7.600840  44.883225  57.772768  1.695265e-03  7.704091e-04
501  1999.9583  368.26  5.908789  7.600882  44.912007  57.773401  1.726122e-03  9.929201e-04
502  2000.0417  369.45  5.912015  7.600923  44.936776  57.774035  1.757294e-03  1.206648e-03
503  2000.1250  369.71  5.912719  7.600965  44.942369  57.774668  1.788705e-03  1.256018e-03
504  2000.2083  370.75  5.915528  7.601007  44.963967  57.775301  1.820393e-03  1.463017e-03
505  2000.2917  371.98  5.918840  7.601048  44.989389  57.775935  1.852397e-03  1.727359e-03
506  2000.3750  371.75  5.918222  7.601090  44.984935  57.776568  1.884639e-03  1.676330e-03
507  2000.4583  371.87  5.918544  7.601132  44.987634  57.777201  1.917158e-03  1.702863e-03
508  2000.5417  370.02  5.913557  7.601173  44.949972  57.777835  1.949994e-03  1.316128e-03
509  2000.6250  368.27  5.908816  7.601215  44.914183  57.778468  1.983067e-03  9.946322e-04
510  2000.7083  367.15  5.905770  7.601257  44.891277  57.779101  2.016416e-03  8.117889e-04
511  2000.7917  367.18  5.905852  7.601298  44.892144  57.779735  2.050083e-03  8.164515e-04
512  2000.8750  368.53  5.909522  7.601340  44.920286  57.780368  2.083986e-03  1.039646e-03
513  2000.9583  369.83  5.913043  7.601381  44.947299  57.781001  2.118166e-03  1.279126e-03
514  2001.0417  370.76  5.915555  7.601423  44.966637  57.781634  2.152665e-03  1.465081e-03
515  2001.1250  371.69  5.918060  7.601465  44.985926  57.782267  2.187398e-03  1.663139e-03
516  2001.2083  372.63  5.920586  7.601506  45.005372  57.782900  2.222408e-03  1.875530e-03
517  2001.2917  373.55  5.923052  7.601548  45.024364  57.783534  2.257737e-03  2.095194e-03
518  2001.3750  374.03  5.924336  7.601590  45.034372  57.784166  2.293300e-03  2.214402e-03
519  2001.4583  373.40  5.922650  7.601631  45.021804  57.784799  2.329140e-03  2.058587e-03
520  2001.5417  371.68  5.918033  7.601673  44.986954  57.785433  2.365299e-03  1.660945e-03
521  2001.6250  369.78  5.912908  7.601715  44.948241  57.786065  2.401692e-03  1.269473e-03
522  2001.7083  368.34  5.909006  7.601756  44.918826  57.786698  2.438361e-03  1.006656e-03
523  2001.7917  368.61  5.909739  7.601798  44.924643  57.787331  2.475351e-03  1.053691e-03
524  2001.8750  369.94  5.913341  7.601840  44.952268  57.787964  2.512572e-03  1.300486e-03
525  2001.9583  371.42  5.917333  7.601881  44.982866  57.788597  2.550070e-03  1.604397e-03
526  2002.0417  372.70  5.920774  7.601923  45.009265  57.789230  2.587890e-03  1.891835e-03
527  2002.1250  373.37  5.922570  7.601964  45.023165  57.789863  2.625941e-03  2.051303e-03
528  2002.2083  374.30  5.925058  7.602006  45.042324  57.790495  2.664267e-03  2.282837e-03
529  2002.2917  375.19  5.927433  7.602048  45.060625  57.791129  2.702917e-03  2.515423e-03
530  2002.3750  375.93  5.929403  7.602089  45.075850  57.791761  2.741796e-03  2.716951e-03
531  2002.4583  375.69  5.928764  7.602131  45.071242  57.792394  2.780951e-03  2.650783e-03
532  2002.5417  374.16  5.924684  7.602173  45.040466  57.793027  2.820430e-03  2.247228e-03
533  2002.6250  372.03  5.918974  7.602214  44.997311  57.793659  2.860137e-03  1.738550e-03
534  2002.7083  370.92  5.915986  7.602256  44.974841  57.794292  2.900120e-03  1.498296e-03
535  2002.7917  370.73  5.915474  7.602297  44.971192  57.794925  2.940428e-03  1.458893e-03
536  2002.8750  372.43  5.920049  7.602339  45.006220  57.795557  2.980963e-03  1.829318e-03
537  2002.9583  373.98  5.924202  7.602381  45.038040  57.796190  3.021774e-03  2.201838e-03
538  2003.0417  375.07  5.927113  7.602422  45.060413  57.796823  3.062910e-03  2.483438e-03
539  2003.1250  375.82  5.929110  7.602464  45.075846  57.797455  3.104273e-03  2.686528e-03
540  2003.2083  376.64  5.931290  7.602505  45.092662  57.798087  3.145912e-03  2.917215e-03
541  2003.2917  377.92  5.934683  7.602547  45.118703  57.798720  3.187876e-03  3.295214e-03
542  2003.3750  378.78  5.936956  7.602589  45.136230  57.799352  3.230067e-03  3.561343e-03
543  2003.4583  378.46  5.936110  7.602630  45.130052  57.799985  3.272532e-03  3.461182e-03
544  2003.5417  376.88  5.931927  7.602672  45.098493  57.800618  3.315325e-03  2.986432e-03
545  2003.6250  374.57  5.925779  7.602713  45.051997  57.801250  3.358342e-03  2.352262e-03
546  2003.7083  373.34  5.922490  7.602755  45.027236  57.801882  3.401635e-03  2.044031e-03
547  2003.7917  373.31  5.922409  7.602797  45.026872  57.802515  3.445255e-03  2.036771e-03
548  2003.8750  374.84  5.926499  7.602838  45.058214  57.803147  3.489099e-03  2.422677e-03
549  2003.9583  376.17  5.930041  7.602880  45.085389  57.803779  3.533218e-03  2.783891e-03
550  2004.0417  377.17  5.932696  7.602921  45.105821  57.804412  3.577666e-03  3.071093e-03
551  2004.1250  378.05  5.935026  7.602963  45.123786  57.805044  3.622336e-03  3.334818e-03
552  2004.2083  379.06  5.937695  7.603004  45.144317  57.805676  3.667281e-03  3.650084e-03
553  2004.2917  380.54  5.941591  7.603046  45.174192  57.806309  3.712556e-03  4.136126e-03
554  2004.3750  380.80  5.942274  7.603088  45.179632  57.806941  3.758053e-03  4.224445e-03
555  2004.4583  379.87  5.939829  7.603129  45.161288  57.807573  3.803824e-03  3.912567e-03
556  2004.5417  377.65  5.933968  7.603171  45.116971  57.808205  3.849926e-03  3.213673e-03
557  2004.6250  376.17  5.930041  7.603212  45.087362  57.808837  3.896248e-03  2.783891e-03
558  2004.7083  374.43  5.925405  7.603254  45.052357  57.809469  3.942844e-03  2.316140e-03
559  2004.7917  374.63  5.925939  7.603295  45.056664  57.810102  3.989773e-03  2.367825e-03
560  2004.8750  376.33  5.930466  7.603337  45.091335  57.810733  4.036920e-03  2.828947e-03
561  2004.9583  377.68  5.934047  7.603379  45.118808  57.811365  4.084342e-03  3.222685e-03
562  2005.0417  378.63  5.936559  7.603420  45.138156  57.811998  4.132097e-03  3.514225e-03
563  2005.1250  379.91  5.939934  7.603462  45.164063  57.812630  4.180069e-03  3.925750e-03
564  2005.2083  380.95  5.942668  7.603503  45.185096  57.813261  4.228317e-03  4.275794e-03
565  2005.2917  382.48  5.946676  7.603545  45.215820  57.813894  4.276897e-03  4.816053e-03
566  2005.3750  382.64  5.947095  7.603586  45.219247  57.814525  4.325694e-03  4.874277e-03
567  2005.4583  382.40  5.946467  7.603628  45.214724  57.815157  4.374766e-03  4.787063e-03
568  2005.5417  380.93  5.942616  7.603669  45.185685  57.815790  4.424172e-03  4.268931e-03
569  2005.6250  378.93  5.937351  7.603711  45.145905  57.816421  4.473794e-03  3.608755e-03
570  2005.7083  376.89  5.931953  7.603753  45.105106  57.817053  4.523690e-03  2.989333e-03
571  2005.7917  377.19  5.932749  7.603794  45.111402  57.817685  4.573922e-03  3.076972e-03
572  2005.8750  378.54  5.936322  7.603836  45.138815  57.818317  4.624367e-03  3.486096e-03
573  2005.9583  380.31  5.940987  7.603877  45.174533  57.818948  4.675088e-03  4.058726e-03
574  2006.0417  381.58  5.944321  7.603919  45.200130  57.819580  4.726144e-03  4.494623e-03
575  2006.1250  382.40  5.946467  7.603960  45.216700  57.820212  4.777414e-03  4.787063e-03
576  2006.2083  382.86  5.947669  7.604002  45.226089  57.820843  4.828958e-03  4.954866e-03
577  2006.2917  384.80  5.952724  7.604043  45.264769  57.821476  4.880839e-03  5.691970e-03
578  2006.3750  385.22  5.953815  7.604085  45.273312  57.822107  4.932932e-03  5.857763e-03
579  2006.4583  384.24  5.951267  7.604126  45.254189  57.822738  4.985300e-03  5.474340e-03
580  2006.5417  382.65  5.947121  7.604168  45.222905  57.823371  5.038005e-03  4.877927e-03
581  2006.6250  380.60  5.941749  7.604209  45.182304  57.824002  5.090922e-03  4.156430e-03
582  2006.7083  379.04  5.937642  7.604251  45.151318  57.824633  5.144113e-03  3.643712e-03
583  2006.7917  379.33  5.938407  7.604293  45.157381  57.825265  5.197642e-03  3.736628e-03
584  2006.8750  380.35  5.941092  7.604334  45.178047  57.825897  5.251381e-03  4.072138e-03
585  2006.9583  382.02  5.945473  7.604376  45.211609  57.826528  5.305395e-03  4.650475e-03
586  2007.0417  383.10  5.948296  7.604417  45.233324  57.827160  5.359748e-03  5.043482e-03
587  2007.1250  384.12  5.950955  7.604459  45.253791  57.827791  5.414310e-03  5.428216e-03
588  2007.2083  384.81  5.952750  7.604500  45.267686  57.828422  5.469146e-03  5.695892e-03
589  2007.2917  386.73  5.957727  7.604542  45.305782  57.829054  5.524323e-03  6.471913e-03
590  2007.3750  386.78  5.957856  7.604583  45.307012  57.829685  5.579707e-03  6.492730e-03
591  2007.4583  386.33  5.956692  7.604625  45.298406  57.830316  5.635366e-03  6.306480e-03
592  2007.5417  384.73  5.952542  7.604666  45.267093  57.830948  5.691365e-03  5.664551e-03
593  2007.6250  382.24  5.946049  7.604708  45.217962  57.831579  5.747572e-03  4.729328e-03
594  2007.7083  381.20  5.943324  7.604749  45.197490  57.832210  5.804052e-03  4.362021e-03
595  2007.7917  381.37  5.943770  7.604791  45.201127  57.832842  5.860874e-03  4.421114e-03
596  2007.8750  382.70  5.947251  7.604832  45.227849  57.833473  5.917903e-03  4.896195e-03
597  2007.9583  384.19  5.951137  7.604874  45.257647  57.834104  5.975205e-03  5.455100e-03
598  2008.0417  385.78  5.955267  7.604915  45.289303  57.834736  6.032849e-03  6.082235e-03
599  2008.1250  386.06  5.955993  7.604957  45.295068  57.835367  6.090699e-03  6.195929e-03
600  2008.2083  386.28  5.956562  7.604998  45.299647  57.835998  6.148822e-03  6.285940e-03
601  2008.2917  387.34  5.959303  7.605040  45.320735  57.836629  6.207289e-03  6.727983e-03
602  2008.3750  388.78  5.963014  7.605081  45.349203  57.837260  6.265960e-03  7.350500e-03
603  2008.4583  387.99  5.960980  7.605123  45.333981  57.837891  6.324904e-03  7.005856e-03
604  2008.5417  386.61  5.957416  7.605164  45.307130  57.838523  6.384193e-03  6.422076e-03
605  2008.6250  384.32  5.951476  7.605206  45.262196  57.839154  6.443685e-03  5.505189e-03
606  2008.7083  383.41  5.949105  7.605247  45.244413  57.839784  6.503450e-03  5.159023e-03
607  2008.7917  383.21  5.948583  7.605289  45.240692  57.840416  6.563560e-03  5.084341e-03
608  2008.8750  384.41  5.951710  7.605330  45.264717  57.841047  6.623872e-03  5.539991e-03
609  2008.9583  385.79  5.955293  7.605372  45.292218  57.841677  6.684457e-03  6.086279e-03
610  2009.0417  387.17  5.958864  7.605413  45.319621  57.842309  6.745389e-03  6.656161e-03
611  2009.1250  387.70  5.960232  7.605455  45.330273  57.842939  6.806521e-03  6.881245e-03
612  2009.2083  389.04  5.963682  7.605496  45.356761  57.843570  6.867927e-03  7.465581e-03
613  2009.2917  389.76  5.965531  7.605538  45.371071  57.844201  6.929679e-03  7.788520e-03
614  2009.3750  390.36  5.967069  7.605579  45.383018  57.844832  6.991631e-03  8.062390e-03
615  2009.4583  389.70  5.965377  7.605620  45.370395  57.845463  7.053857e-03  7.761370e-03
616  2009.5417  388.24  5.961624  7.605662  45.342095  57.846094  7.116430e-03  7.114101e-03
617  2009.6250  386.29  5.956588  7.605703  45.304045  57.846724  7.179202e-03  6.290046e-03
618  2009.7083  384.95  5.953113  7.605745  45.277862  57.847355  7.242246e-03  5.750929e-03
619  2009.7917  384.64  5.952308  7.605786  45.271982  57.847986  7.305640e-03  5.629389e-03
620  2009.8750  386.23  5.956433  7.605828  45.303604  57.848617  7.369231e-03  6.265430e-03
621  2009.9583  387.63  5.960051  7.605869  45.331371  57.849247  7.433094e-03  6.851320e-03
622  2010.0417  388.91  5.963348  7.605911  45.356692  57.849878  7.497308e-03  7.407938e-03
623  2010.1250  390.41  5.967197  7.605952  45.386219  57.850509  7.561718e-03  8.085407e-03
624  2010.2083  391.37  5.969653  7.605994  45.405146  57.851139  7.626401e-03  8.533109e-03
625  2010.2917  392.67  5.972970  7.606035  45.430616  57.851770  7.691434e-03  9.156765e-03
626  2010.3750  393.21  5.974344  7.606077  45.441316  57.852400  7.756662e-03  9.421662e-03
627  2010.4583  392.38  5.972231  7.606118  45.425492  57.853031  7.822164e-03  9.015917e-03
628  2010.5417  390.41  5.967197  7.606159  45.387456  57.853662  7.888017e-03  8.085407e-03
629  2010.6250  388.54  5.962396  7.606201  45.351183  57.854292  7.954063e-03  7.244997e-03
630  2010.7083  387.03  5.958502  7.606242  45.321812  57.854922  8.020383e-03  6.597279e-03
631  2010.7917  387.43  5.959535  7.606284  45.329916  57.855553  8.087055e-03  6.766150e-03
632  2010.8750  388.87  5.963245  7.606325  45.358382  57.856184  8.153919e-03  7.390243e-03
633  2010.9583  389.99  5.966121  7.606367  45.380505  57.856814  8.221057e-03  7.892994e-03
634  2011.0417  391.50  5.969986  7.606408  45.410146  57.857445  8.288548e-03  8.594577e-03
635  2011.1250  392.05  5.971389  7.606450  45.421072  57.858075  8.356230e-03  8.856844e-03
636  2011.2083  392.80  5.973301  7.606491  45.435857  57.858705  8.424185e-03  9.220225e-03
637  2011.2917  393.44  5.974929  7.606532  45.448488  57.859336  8.492494e-03  9.535523e-03
638  2011.3750  394.41  5.977391  7.606574  45.467466  57.859966  8.560994e-03  1.002249e-02
639  2011.4583  393.95  5.976224  7.606615  45.458837  57.860596  8.629766e-03  9.790197e-03
640  2011.5417  392.72  5.973097  7.606657  45.435298  57.861226  8.698894e-03  9.181149e-03
641  2011.6250  390.33  5.966993  7.606698  45.389111  57.861856  8.768211e-03  8.048595e-03
642  2011.7083  389.28  5.964299  7.606740  45.368868  57.862486  8.837800e-03  7.572533e-03
643  2011.7917  389.19  5.964068  7.606781  45.367357  57.863117  8.907746e-03  7.532345e-03
644  2011.8750  390.48  5.967377  7.606822  45.392775  57.863747  8.977880e-03  8.117681e-03
645  2011.9583  392.06  5.971415  7.606864  45.423740  57.864377  9.048286e-03  8.861646e-03
646  2012.0417  393.31  5.974598  7.606905  45.448202  57.865008  9.119049e-03  9.471091e-03
647  2012.1250  394.04  5.976452  7.606947  45.462555  57.865637  9.189999e-03  9.835453e-03
648  2012.2083  394.59  5.977847  7.606988  45.473413  57.866267  9.261221e-03  1.011406e-02
649  2012.2917  396.38  5.982373  7.607030  45.508091  57.866898  9.332801e-03  1.104491e-02
650  2012.3750  396.93  5.983760  7.607071  45.518886  57.867528  9.404568e-03  1.133828e-02
651  2012.4583  395.91  5.981187  7.607112  45.499560  57.868157  9.476606e-03  1.079694e-02
652  2012.5417  394.56  5.977771  7.607154  45.473825  57.868788  9.549004e-03  1.009877e-02
653  2012.6250  392.59  5.972766  7.607195  45.435995  57.869418  9.621586e-03  9.117812e-03
654  2012.7083  391.32  5.969526  7.607237  45.411593  57.870047  9.694440e-03  8.509521e-03
655  2012.7917  391.27  5.969398  7.607278  45.410869  57.870678  9.767654e-03  8.485962e-03
656  2012.8750  393.20  5.974318  7.607319  45.448548  57.871307  9.841052e-03  9.416725e-03
657  2012.9583  394.57  5.977797  7.607361  45.475255  57.871937  9.914722e-03  1.010387e-02
658  2013.0417  395.78  5.980859  7.607402  45.498796  57.872567  9.988752e-03  1.072880e-02
659  2013.1250  397.03  5.984012  7.607444  45.523032  57.873197  1.006297e-02  1.139199e-02
660  2013.2083  397.66  5.985597  7.607485  45.535342  57.873826  1.013745e-02  1.173296e-02
661  2013.2917  398.64  5.988059  7.607526  45.554315  57.874457  1.021230e-02  1.227225e-02
662  2013.3750  400.02  5.991515  7.607568  45.580853  57.875086  1.028733e-02  1.304986e-02
663  2013.4583  398.81  5.988485  7.607609  45.558054  57.875716  1.036262e-02  1.236689e-02
664  2013.5417  397.51  5.985220  7.607650  45.533463  57.876346  1.043829e-02  1.165137e-02
665  2013.6250  395.39  5.979873  7.607692  45.493028  57.876975  1.051413e-02  1.052554e-02
666  2013.7083  393.72  5.975640  7.607733  45.461075  57.877605  1.059024e-02  9.674969e-03
667  2013.7917  393.90  5.976097  7.607775  45.464800  57.878235  1.066672e-02  9.765095e-03
668  2013.8750  395.36  5.979797  7.607816  45.493193  57.878864  1.074338e-02  1.050997e-02
669  2013.9583  397.03  5.984012  7.607857  45.525509  57.879494  1.082031e-02  1.139199e-02
670  2014.0417  398.04  5.986553  7.607899  45.545085  57.880124  1.089760e-02  1.194079e-02
671  2014.1250  398.27  5.987130  7.607940  45.549728  57.880753  1.097507e-02  1.206737e-02
672  2014.2083  399.91  5.991240  7.607981  45.581239  57.881382  1.105281e-02  1.298710e-02
673  2014.2917  401.51  5.995232  7.608023  45.611866  57.882012  1.113092e-02  1.391311e-02
674  2014.3750  401.96  5.996353  7.608064  45.620636  57.882642  1.120921e-02  1.417862e-02
675  2014.4583  401.43  5.995033  7.608106  45.610845  57.883271  1.128776e-02  1.386615e-02
676  2014.5417  399.27  5.989638  7.608147  45.570045  57.883901  1.136669e-02  1.262461e-02
677  2014.6250  397.18  5.984390  7.608188  45.530363  57.884530  1.144578e-02  1.147277e-02
678  2014.7083  395.54  5.980252  7.608230  45.499130  57.885159  1.152515e-02  1.060351e-02
679  2014.7917  396.16  5.981818  7.608271  45.511294  57.885789  1.160489e-02  1.092853e-02
680  2014.8750  397.40  5.984943  7.608312  45.535319  57.886418  1.168480e-02  1.159170e-02
681  2014.9583  399.08  5.989162  7.608354  45.567663  57.887047  1.176498e-02  1.251788e-02
682  2015.0417  400.18  5.991914  7.608395  45.588853  57.887677  1.184553e-02  1.314138e-02
683  2015.1250  400.55  5.992839  7.608437  45.596132  57.888306  1.192626e-02  1.335412e-02
684  2015.2083  401.74  5.995805  7.608478  45.618950  57.888935  1.200725e-02  1.404854e-02
685  2015.2917  403.34  5.999780  7.608519  45.649441  57.889565  1.208862e-02  1.500657e-02
686  2015.3750  404.15  6.001786  7.608561  45.664953  57.890194  1.217015e-02  1.550212e-02
687  2015.4583  402.97  5.998862  7.608602  45.642954  57.890823  1.225196e-02  1.478256e-02
688  2015.5417  401.46  5.995108  7.608643  45.614637  57.891452  1.233414e-02  1.388375e-02
689  2015.6250  399.11  5.989237  7.608685  45.570216  57.892081  1.241649e-02  1.253470e-02
690  2015.7083  397.82  5.986000  7.608726  45.545831  57.892710  1.249911e-02  1.182027e-02
691  2015.7917  398.49  5.987682  7.608767  45.558882  57.893340  1.258210e-02  1.218901e-02
692  2015.8750  400.27  5.992139  7.608809  45.593041  57.893969  1.266526e-02  1.319299e-02
693  2015.9583  402.06  5.996601  7.608850  45.627240  57.894597  1.274869e-02  1.423792e-02
694  2016.0417  402.73  5.998266  7.608891  45.640157  57.895227  1.283249e-02  1.463804e-02
695  2016.1250  404.25  6.002033  7.608933  45.669069  57.895856  1.291647e-02  1.556379e-02
696  2016.2083  405.06  6.004035  7.608974  45.684547  57.896485  1.300071e-02  1.606724e-02
697  2016.2917  407.60  6.010286  7.609015  45.732360  57.897114  1.308533e-02  1.769106e-02
698  2016.3750  407.90  6.011022  7.609057  45.738207  57.897743  1.317011e-02  1.788732e-02
699  2016.4583  406.99  6.008789  7.609098  45.721461  57.898371  1.325517e-02  1.729489e-02
700  2016.5417  404.59  6.002874  7.609139  45.676706  57.899001  1.334059e-02  1.577426e-02
701  2016.6250  402.45  5.997571  7.609181  45.636600  57.899629  1.342619e-02  1.447024e-02
702  2016.7083  401.23  5.994535  7.609222  45.613746  57.900258  1.351205e-02  1.374903e-02
703  2016.7917  401.79  5.995930  7.609263  45.624607  57.900887  1.359829e-02  1.407806e-02
704  2016.8750  403.72  6.000722  7.609305  45.661318  57.901516  1.368470e-02  1.523817e-02
705  2016.9583  404.64  6.002998  7.609346  45.678886  57.902144  1.377137e-02  1.580532e-02
706  2017.0417  406.36  6.007239  7.609387  45.711411  57.902774  1.385842e-02  1.688983e-02
707  2017.1250  406.66  6.007977  7.609429  45.717275  57.903402  1.394564e-02  1.708220e-02
708  2017.2083  407.54  6.010139  7.609470  45.733972  57.904031  1.403313e-02  1.765192e-02
709  2017.2917  409.22  6.014253  7.609511  45.765525  57.904660  1.412099e-02  1.876197e-02
710  2017.3750  409.89  6.015889  7.609552  45.778222  57.905288  1.420902e-02  1.921280e-02
711  2017.4583  409.08  6.013911  7.609594  45.763417  57.905917  1.429731e-02  1.866835e-02
712  2017.5417  407.33  6.009624  7.609635  45.731043  57.906546  1.438599e-02  1.751522e-02
713  2017.6250  405.32  6.004677  7.609676  45.693648  57.907174  1.447482e-02  1.623033e-02
714  2017.7083  403.57  6.000350  7.609718  45.660969  57.907803  1.456393e-02  1.514656e-02
715  2017.7917  403.82  6.000969  7.609759  45.665929  57.908432  1.465341e-02  1.529938e-02
716  2017.8750  405.31  6.004652  7.609800  45.694204  57.909060  1.474306e-02  1.622404e-02
717  2017.9583  407.00  6.008813  7.609842  45.726116  57.909688  1.483297e-02  1.730135e-02
718  2018.0417  408.15  6.011635  7.609883  45.747836  57.910317  1.492327e-02  1.805158e-02
719  2018.1250  408.52  6.012541  7.609924  45.754980  57.910945  1.501372e-02  1.829589e-02
720  2018.2083  409.59  6.015157  7.609965  45.775134  57.911574  1.510445e-02  1.901037e-02
721  2018.2917  410.45  6.017254  7.610007  45.791344  57.912203  1.519555e-02  1.959315e-02
722  2018.3750  411.44  6.019663  7.610048  45.809926  57.912831  1.528681e-02  2.027338e-02
723  2018.4583  410.99  6.018569  7.610089  45.801847  57.913459  1.537835e-02  1.996295e-02
724  2018.5417  408.90  6.013471  7.610131  45.763297  57.914088  1.547026e-02  1.854828e-02
725  2018.6250  407.16  6.009206  7.610172  45.731092  57.914716  1.556233e-02  1.740491e-02
726  2018.7083  405.71  6.005639  7.610213  45.704190  57.915344  1.565467e-02  1.647630e-02
727  2018.7917  406.19  6.006821  7.610254  45.713436  57.915973  1.574740e-02  1.678125e-02
728  2018.8750  408.21  6.011782  7.610296  45.751437  57.916601  1.584028e-02  1.809110e-02
729  2018.9583  409.27  6.014375  7.610337  45.771421  57.917229  1.593343e-02  1.879545e-02
730  2019.0417  411.03  6.018666  7.610378  45.804327  57.917857  1.602696e-02  1.999046e-02
731  2019.1250  411.96  6.020926  7.610420  45.821775  57.918485  1.612065e-02  2.063466e-02
732  2019.2083  412.18  6.021460  7.610461  45.826086  57.919113  1.621461e-02  2.078833e-02
733  2019.2917  413.54  6.024754  7.610502  45.851405  57.919742  1.630895e-02  2.174907e-02
734  2019.3750  414.86  6.027941  7.610543  45.875907  57.920370  1.640344e-02  2.269920e-02
735  2019.4583  414.16  6.026252  7.610585  45.863303  57.920998  1.649821e-02  2.219319e-02
736  2019.5417  411.97  6.020951  7.610626  45.823202  57.921626  1.659336e-02  2.064163e-02
737  2019.6250  410.18  6.016596  7.610667  45.790310  57.922254  1.668866e-02  1.940937e-02
738  2019.7083  408.76  6.013128  7.610708  45.764165  57.922882  1.678423e-02  1.845512e-02
739  2019.7917  408.75  6.013104  7.610750  45.764227  57.923510  1.688019e-02  1.844847e-02
740  2019.8750  410.48  6.017327  7.610791  45.796619  57.924138  1.697630e-02  1.961362e-02
741  2019.9583  411.98  6.020975  7.610832  45.824629  57.924766  1.707268e-02  2.064861e-02
742  2020.0417  413.61  6.024924  7.610873  45.854930  57.925394  1.716945e-02  2.179902e-02
743  2020.1250  414.34  6.026687  7.610915  45.868600  57.926022  1.726637e-02  2.232285e-02
744  2020.2083  414.74  6.027652  7.610956  45.876192  57.926650  1.736355e-02  2.261211e-02
745  2020.2917  416.45  6.031766  7.610997  45.907757  57.927278  1.746113e-02  2.386649e-02
746  2020.3750  417.31  6.033829  7.611038  45.923707  57.927906  1.755885e-02  2.450815e-02
747  2020.4583  416.60  6.032127  7.611080  45.910995  57.928533  1.765684e-02  2.397789e-02
748  2020.5417  414.62  6.027362  7.611121  45.874984  57.929162  1.775522e-02  2.252517e-02
749  2020.6250  412.78  6.022915  7.611162  45.841381  57.929789  1.785375e-02  2.120990e-02
750  2020.7083  411.52  6.019858  7.611203  45.818361  57.930417  1.795255e-02  2.032878e-02
751  2020.7917  411.51  6.019833  7.611245  45.818424  57.931045  1.805174e-02  2.032186e-02
752  2020.8750  413.12  6.023738  7.611286  45.848393  57.931673  1.815108e-02  2.145039e-02
753  2020.9583  414.26  6.026494  7.611327  45.869615  57.932300  1.825068e-02  2.226518e-02
754  2021.0417  415.52  6.029531  7.611368  45.892980  57.932928  1.835067e-02  2.318072e-02
755  2021.1250  416.75  6.032487  7.611410  45.915726  57.933556  1.845082e-02  2.408951e-02
756  2021.2083  417.64  6.034620  7.611451  45.932212  57.934183  1.855123e-02  2.475627e-02
757  2021.2917  419.05  6.037990  7.611492  45.958115  57.934811  1.865203e-02  2.582824e-02
758  2021.3750  419.13  6.038181  7.611533  45.959816  57.935438  1.875297e-02  2.588963e-02
759  2021.4583  418.94  6.037728  7.611574  45.956614  57.936066  1.885419e-02  2.574393e-02
760  2021.5417  416.96  6.032990  7.611616  45.920804  57.936694  1.895579e-02  2.424614e-02
761  2021.6250  414.47  6.027001  7.611657  45.875461  57.937321  1.905755e-02  2.241668e-02
762  2021.7083  413.30  6.024174  7.611698  45.854192  57.937948  1.915957e-02  2.157818e-02
763  2021.7917  413.93  6.025697  7.611739  45.866034  57.938576  1.926198e-02  2.202799e-02
764  2021.8750  415.01  6.028303  7.611781  45.886117  57.939204  1.936454e-02  2.280826e-02
765  2021.9583  416.71  6.032391  7.611822  45.917482  57.939831  1.946736e-02  2.405972e-02
766  2022.0417  418.19  6.035936  7.611863  45.944717  57.940459  1.957058e-02  2.517214e-02
767  2022.1250  419.28  6.038539  7.611904  45.964780  57.941086  1.967394e-02  2.600491e-02
768  2022.2083  418.81  6.037417  7.611945  45.956491  57.941713  1.977757e-02  2.564443e-02
769  2022.2917  420.23  6.040802  7.611987  45.982506  57.942341  1.988159e-02  2.673997e-02
770  2022.3750  420.99  6.042609  7.612028  45.996509  57.942968  1.998576e-02  2.733418e-02
771  2022.4583  420.99  6.042609  7.612069  45.996757  57.943595  2.009019e-02  2.733418e-02
772  2022.5417  418.90  6.037632  7.612110  45.959122  57.944223  2.019502e-02  2.571329e-02
773  2022.6250  417.19  6.033542  7.612151  45.928234  57.944850  2.029999e-02  2.441818e-02
774  2022.7083  415.95  6.030565  7.612193  45.905823  57.945477  2.040522e-02  2.349675e-02
775  2022.7917  415.78  6.030156  7.612234  45.902960  57.946104  2.051085e-02  2.337159e-02
776  2022.8750  417.51  6.034308  7.612275  45.934816  57.946731  2.061663e-02  2.465840e-02
777  2022.9583  418.95  6.037752  7.612316  45.961274  57.947358  2.072267e-02  2.575159e-02
778  2023.0417  419.48  6.039016  7.612357  45.971147  57.947986  2.082910e-02  2.615895e-02
779  2023.1250  420.30  6.040969  7.612399  45.986262  57.948613  2.093568e-02  2.679447e-02
780  2023.2083  420.98  6.042585  7.612440  45.998817  57.949240  2.104252e-02  2.732632e-02
781  2023.2917  423.36  6.048223  7.612481  46.041982  57.949867  2.114976e-02  2.922196e-02
782  2023.3750  424.00  6.049733  7.612522  46.053730  57.950494  2.125714e-02  2.974069e-02