             x       y      Ln y          xLny            x²         SQREG         SQTOT
0    1958.2027  315.70  5.754792  11269.050007  3.834558e+06  2.151393e-02  1.500286e-02
1    1958.2877  317.45  5.760320  11280.364442  3.834891e+06  2.140184e-02  1.367923e-02
2    1958.3699  317.51  5.760509  11281.208049  3.835213e+06  2.129373e-02  1.363506e-02
3    1958.4548  317.24  5.759659  11280.031003  3.835545e+06  2.118235e-02  1.383446e-02
4    1958.5370  315.86  5.755299  11271.966189  3.835867e+06  2.107480e-02  1.487900e-02
5    1958.6219  314.93  5.752350  11266.679454  3.836200e+06  2.096400e-02  1.560705e-02
6    1958.7068  313.20  5.746842  11256.378434  3.836532e+06  2.085349e-02  1.701371e-02
7    1958.7890  312.43  5.744380  11252.029226  3.836854e+06  2.074677e-02  1.766191e-02
8    1958.8740  313.33  5.747257  11258.152207  3.837187e+06  2.063671e-02  1.690562e-02
9    1958.9562  314.67  5.751524  11266.984521  3.837509e+06  2.053055e-02  1.581409e-02
10   1959.0411  315.58  5.754412  11273.130037  3.837842e+06  2.042119e-02  1.509614e-02
11   1959.1260  316.48  5.757260  11279.197850  3.838175e+06  2.031212e-02  1.440445e-02
12   1959.2027  316.65  5.757797  11280.691552  3.838475e+06  2.021384e-02  1.427583e-02
13   1959.2877  317.72  5.761170  11287.790482  3.838808e+06  2.010520e-02  1.348109e-02
14   1959.3699  318.29  5.762963  11291.776074  3.839130e+06  2.000042e-02  1.306807e-02
15   1959.4548  318.15  5.762523  11291.403293  3.839463e+06  1.989248e-02  1.316885e-02
16   1959.5370  316.54  5.757450  11281.935548  3.839785e+06  1.978826e-02  1.435898e-02
17   1959.6219  314.80  5.751938  11271.622725  3.840118e+06  1.968089e-02  1.571038e-02
18   1959.7068  313.84  5.748883  11266.125699  3.840451e+06  1.957382e-02  1.648535e-02
19   1959.7890  313.33  5.747257  11263.410947  3.840773e+06  1.947044e-02  1.690562e-02
20   1959.8740  314.81  5.751969  11273.135045  3.841106e+06  1.936382e-02  1.570242e-02
21   1959.9562  315.58  5.754412  11278.395899  3.841428e+06  1.926099e-02  1.509614e-02
22   1960.0410  316.43  5.757102  11284.156055  3.841761e+06  1.915519e-02  1.444240e-02
23   1960.1257  316.98  5.758839  11288.047700  3.842093e+06  1.904981e-02  1.402801e-02
24   1960.2049  317.58  5.760730  11292.210694  3.842403e+06  1.895154e-02  1.358363e-02
25   1960.2896  319.03  5.765285  11301.628505  3.842735e+06  1.884672e-02  1.254253e-02
26   1960.3716  320.04  5.768446  11308.297691  3.843057e+06  1.874553e-02  1.184453e-02
27   1960.4563  319.59  5.767039  11306.027791  3.843389e+06  1.864128e-02  1.215278e-02
28   1960.5383  318.18  5.762617  11297.831847  3.843710e+06  1.854064e-02  1.314722e-02
29   1960.6230  315.90  5.755426  11284.220018  3.844043e+06  1.843696e-02  1.484812e-02
30   1960.7077  314.17  5.749934  11273.940340  3.844375e+06  1.833358e-02  1.621658e-02
31   1960.7896  313.83  5.748851  11272.288112  3.844696e+06  1.823389e-02  1.649353e-02
32   1960.8743  315.00  5.752573  11280.071846  3.845028e+06  1.813108e-02  1.555157e-02
33   1960.9563  316.19  5.756343  11287.937657  3.845350e+06  1.803183e-02  1.462534e-02
34   1961.0411  316.89  5.758555  11292.762464  3.845682e+06  1.792947e-02  1.409536e-02
35   1961.1260  317.70  5.761108  11298.257788  3.846015e+06  1.782728e-02  1.349571e-02
36   1961.2027  318.54  5.763748  11303.878249  3.846316e+06  1.773521e-02  1.288918e-02
37   1961.2877  319.48  5.766695  11310.147334  3.846649e+06  1.763346e-02  1.222880e-02
38   1961.3699  320.58  5.770132  11317.362940  3.846972e+06  1.753534e-02  1.148042e-02
39   1961.4548  319.77  5.767602  11312.890603  3.847305e+06  1.743428e-02  1.202895e-02
40   1961.5370  318.57  5.763842  11305.989798  3.847627e+06  1.733672e-02  1.286780e-02
41   1961.6219  316.79  5.758239  11295.487912  3.847960e+06  1.723624e-02  1.417040e-02
42   1961.7068  314.99  5.752541  11284.798586  3.848294e+06  1.713605e-02  1.555949e-02
43   1961.7890  315.31  5.753556  11287.263425  3.848616e+06  1.703932e-02  1.530721e-02
44   1961.8740  316.10  5.756059  11292.661748  3.848950e+06  1.693959e-02  1.469428e-02
45   1961.9562  317.01  5.758933  11298.774931  3.849272e+06  1.684342e-02  1.400560e-02
46   1962.0411  317.94  5.761863  11305.011402  3.849605e+06  1.674438e-02  1.332083e-02
47   1962.1260  318.55  5.763779  11309.261514  3.849938e+06  1.664563e-02  1.288205e-02
48   1962.2027  319.68  5.767320  11316.651848  3.850239e+06  1.655667e-02  1.209078e-02
49   1962.2877  320.57  5.770101  11322.597555  3.850573e+06  1.645837e-02  1.148711e-02
50   1962.3699  321.02  5.771503  11325.824602  3.850896e+06  1.636357e-02  1.118838e-02
51   1962.4548  320.62  5.770257  11323.867804  3.851229e+06  1.626596e-02  1.145370e-02
52   1962.5370  319.61  5.767102  11318.150081  3.851551e+06  1.617172e-02  1.213899e-02
53   1962.6219  317.40  5.760163  11305.021675  3.851885e+06  1.607468e-02  1.371610e-02
54   1962.7068  316.25  5.756533  11298.386542  3.852218e+06  1.597793e-02  1.457948e-02
55   1962.7890  315.42  5.753905  11293.701606  3.852541e+06  1.588454e-02  1.522102e-02
56   1962.8740  316.69  5.757923  11302.078092  3.852874e+06  1.578825e-02  1.424566e-02
57   1962.9562  317.70  5.761108  11308.801767  3.853197e+06  1.569541e-02  1.349571e-02
58   1963.0411  318.74  5.764376  11315.706461  3.853530e+06  1.559981e-02  1.274705e-02
59   1963.1260  319.07  5.765411  11318.227282  3.853864e+06  1.550450e-02  1.251446e-02
60   1963.2027  319.86  5.767883  11323.524264  3.854165e+06  1.541865e-02  1.196730e-02
61   1963.2877  321.38  5.772624  11333.322135  3.854499e+06  1.532379e-02  1.095253e-02
62   1963.3699  322.25  5.775328  11339.104455  3.854821e+06  1.523232e-02  1.039399e-02
63   1963.4548  321.48  5.772935  11334.897590  3.855155e+06  1.513815e-02  1.088751e-02
64   1963.5370  319.74  5.767508  11324.715681  3.855478e+06  1.504724e-02  1.204954e-02
65   1963.6219  317.77  5.761328  11313.069541  3.855811e+06  1.495364e-02  1.344457e-02
66   1963.7068  316.21  5.756407  11303.894685  3.856144e+06  1.486033e-02  1.461005e-02
67   1963.7890  315.99  5.755711  11303.001100  3.856467e+06  1.477027e-02  1.477878e-02
68   1963.8740  317.07  5.759123  11310.191077  3.856801e+06  1.467742e-02  1.396084e-02
69   1963.9562  318.35  5.763151  11318.576936  3.857124e+06  1.458791e-02  1.302501e-02
70   1964.0410  319.57  5.766976  11326.577982  3.857457e+06  1.449586e-02  1.216658e-02
71   1964.1257  320.01  5.768352  11329.768892  3.857790e+06  1.440421e-02  1.186495e-02
72   1964.2049  320.74  5.770631  11334.701345  3.858101e+06  1.431877e-02  1.137374e-02
73   1964.2896  321.84  5.774055  11341.915258  3.858434e+06  1.422768e-02  1.065520e-02
74   1964.3716  322.26  5.775359  11344.950557  3.858756e+06  1.413977e-02  1.038767e-02
75   1964.4563  321.89  5.774210  11343.182961  3.859089e+06  1.404925e-02  1.062316e-02
76   1964.5383  320.44  5.769695  11334.786908  3.859411e+06  1.396190e-02  1.157421e-02
77   1964.6230  318.69  5.764219  11324.516917  3.859744e+06  1.387195e-02  1.278250e-02
78   1964.7077  316.70  5.757955  11312.698433  3.860076e+06  1.378230e-02  1.423813e-02
79   1964.7896  316.87  5.758492  11314.224398  3.860398e+06  1.369588e-02  1.411035e-02
80   1964.8743  317.68  5.761045  11319.728450  3.860731e+06  1.360680e-02  1.351034e-02
81   1964.9563  318.71  5.764282  11326.561442  3.861053e+06  1.352083e-02  1.276832e-02
82   1965.0411  319.44  5.766569  11331.546000  3.861387e+06  1.343221e-02  1.225651e-02
83   1965.1260  320.44  5.769695  11338.177757  3.861720e+06  1.334379e-02  1.157421e-02
84   1965.2027  320.89  5.771098  11341.378129  3.862022e+06  1.326415e-02  1.127423e-02
85   1965.2877  322.14  5.774986  11349.509413  3.862356e+06  1.317617e-02  1.046372e-02
86   1965.3699  322.17  5.775079  11350.167137  3.862679e+06  1.309137e-02  1.044468e-02
87   1965.4548  321.87  5.774148  11348.826386  3.863013e+06  1.300408e-02  1.063597e-02
88   1965.5370  321.21  5.772095  11345.266516  3.863336e+06  1.291983e-02  1.106356e-02
89   1965.6219  318.87  5.764783  11331.384689  3.863669e+06  1.283311e-02  1.265514e-02
90   1965.7068  317.81  5.761454  11325.328755  3.864003e+06  1.274668e-02  1.341540e-02
91   1965.7890  317.30  5.759848  11322.645248  3.864326e+06  1.266328e-02  1.379001e-02
92   1965.8740  318.87  5.764783  11332.837991  3.864661e+06  1.257732e-02  1.265514e-02
93   1965.9562  319.42  5.766507  11336.699897  3.864984e+06  1.249447e-02  1.227037e-02
94   1966.0411  320.62  5.770257  11344.561675  3.865318e+06  1.240919e-02  1.145370e-02
95   1966.1260  321.60  5.773309  11351.052021  3.865651e+06  1.232420e-02  1.080977e-02
96   1966.2027  322.39  5.775762  11356.318825  3.865953e+06  1.224767e-02  1.030562e-02
97   1966.2877  323.70  5.779817  11364.783392  3.866287e+06  1.216314e-02  9.498727e-03
98   1966.3699  324.08  5.780990  11367.565513  3.866611e+06  1.208167e-02  9.271413e-03
99   1966.4548  323.75  5.779972  11366.052922  3.866944e+06  1.199781e-02  9.468645e-03
100  1966.5370  322.38  5.775731  11358.188662  3.867268e+06  1.191690e-02  1.031192e-02
101  1966.6219  320.36  5.769445  11346.317603  3.867602e+06  1.183362e-02  1.162800e-02
102  1966.7068  318.64  5.764062  11336.219811  3.867936e+06  1.175063e-02  1.281801e-02
103  1966.7890  318.10  5.762366  11333.357667  3.868259e+06  1.167055e-02  1.320495e-02
104  1966.8740  319.78  5.767633  11344.207899  3.868593e+06  1.158804e-02  1.202210e-02
105  1966.9562  321.03  5.771535  11352.355719  3.868917e+06  1.150852e-02  1.118179e-02
106  1967.0411  322.33  5.775576  11360.795104  3.869251e+06  1.142668e-02  1.034344e-02
107  1967.1260  322.50  5.776103  11362.322658  3.869585e+06  1.134513e-02  1.023647e-02
108  1967.2027  323.04  5.777776  11366.056851  3.869886e+06  1.127171e-02  9.900732e-03
109  1967.2877  324.42  5.782039  11374.934152  3.870221e+06  1.119063e-02  9.070582e-03
110  1967.3699  325.00  5.783825  11378.923571  3.870544e+06  1.111249e-02  8.733537e-03
111  1967.4548  324.09  5.781021  11373.898017  3.870878e+06  1.103207e-02  9.265472e-03
112  1967.5370  322.54  5.776227  11364.940657  3.871202e+06  1.095449e-02  1.021139e-02
113  1967.6219  320.92  5.771192  11355.523514  3.871536e+06  1.087464e-02  1.125439e-02
114  1967.7068  319.25  5.765974  11345.747222  3.871870e+06  1.079509e-02  1.238860e-02
115  1967.7890  319.39  5.766413  11347.083926  3.872194e+06  1.071835e-02  1.229119e-02
116  1967.8740  320.73  5.770600  11355.813011  3.872528e+06  1.063928e-02  1.138039e-02
117  1967.9562  321.96  5.774427  11363.820034  3.872852e+06  1.056309e-02  1.057838e-02
118  1968.0410  322.57  5.776320  11368.034918  3.873185e+06  1.048478e-02  1.019260e-02
119  1968.1257  323.15  5.778117  11372.059801  3.873519e+06  1.040686e-02  9.833095e-03
120  1968.2049  323.89  5.780404  11377.019382  3.873831e+06  1.033426e-02  9.384693e-03
121  1968.2896  325.02  5.783887  11384.364076  3.874164e+06  1.025689e-02  8.722039e-03
122  1968.3716  325.57  5.785577  11388.166425  3.874487e+06  1.018227e-02  8.409089e-03
123  1968.4563  325.36  5.784932  11387.386355  3.874820e+06  1.010548e-02  8.527842e-03
124  1968.5383  324.14  5.781176  11380.465433  3.875143e+06  1.003141e-02  9.235797e-03
125  1968.6230  322.11  5.774893  11368.587383  3.875477e+06  9.955195e-03  1.048279e-02
126  1968.7077  320.33  5.769352  11358.167144  3.875810e+06  9.879266e-03  1.164821e-02
127  1968.7896  320.25  5.769102  11358.147902  3.876132e+06  9.806124e-03  1.170218e-02
128  1968.8743  321.32  5.772438  11365.203864  3.876466e+06  9.730767e-03  1.099165e-02
129  1968.9563  322.89  5.777312  11375.274284  3.876789e+06  9.658090e-03  9.993375e-03
130  1969.0411  324.00  5.780744  11382.521571  3.877123e+06  9.583217e-03  9.319018e-03
131  1969.1260  324.42  5.782039  11385.563274  3.877457e+06  9.508547e-03  9.070582e-03
132  1969.2027  325.63  5.785762  11393.337694  3.877759e+06  9.441341e-03  8.375326e-03
133  1969.2877  326.66  5.788920  11400.048705  3.878094e+06  9.367140e-03  7.807260e-03
134  1969.3699  327.38  5.791122  11404.860518  3.878418e+06  9.295662e-03  7.423029e-03
135  1969.4548  326.71  5.789073  11401.317464  3.878752e+06  9.222124e-03  7.780236e-03
136  1969.5370  325.88  5.786529  11396.783391  3.879076e+06  9.151203e-03  8.235446e-03
137  1969.6219  323.66  5.779694  11383.811055  3.879410e+06  9.078239e-03  9.522831e-03
138  1969.7068  322.38  5.775731  11376.496574  3.879745e+06  9.005567e-03  1.031192e-02
139  1969.7890  321.78  5.773868  11373.301836  3.880069e+06  8.935485e-03  1.069373e-02
140  1969.8740  322.86  5.777219  11380.393092  3.880404e+06  8.863304e-03  1.001196e-02
141  1969.9562  324.12  5.781114  11388.541008  3.880727e+06  8.793778e-03  9.247661e-03
142  1970.0411  325.06  5.784010  11394.736991  3.881062e+06  8.722257e-03  8.699068e-03
143  1970.1260  325.98  5.786836  11400.796120  3.881396e+06  8.651027e-03  8.179854e-03
144  1970.2027  326.93  5.789746  11406.973361  3.881699e+06  8.586928e-03  7.661938e-03
145  1970.2877  328.13  5.793410  11414.684211  3.882034e+06  8.516172e-03  7.033959e-03
146  1970.3699  328.08  5.793257  11414.860164  3.882358e+06  8.448024e-03  7.059544e-03
147  1970.4548  327.67  5.792007  11412.888003  3.882692e+06  8.377926e-03  7.271241e-03
148  1970.5370  326.34  5.787940  11405.349496  3.883016e+06  8.310334e-03  7.981420e-03
149  1970.6219  324.69  5.782871  11395.852003  3.883351e+06  8.240811e-03  8.912813e-03
150  1970.7068  323.10  5.777962  11386.668753  3.883685e+06  8.171579e-03  9.863807e-03
151  1970.7890  323.06  5.777838  11386.899701  3.884009e+06  8.104827e-03  9.888415e-03
152  1970.8740  324.01  5.780774  11393.177924  3.884344e+06  8.036090e-03  9.313060e-03
153  1970.9562  325.13  5.784225  11400.454328  3.884668e+06  7.969895e-03  8.658949e-03
154  1971.0411  326.17  5.787419  11407.240156  3.885003e+06  7.901813e-03  8.074794e-03
155  1971.1260  326.68  5.788981  11410.811157  3.885338e+06  7.834023e-03  7.796444e-03
156  1971.2027  327.17  5.790480  11414.209640  3.885640e+06  7.773032e-03  7.534008e-03
157  1971.2877  327.79  5.792373  11418.433963  3.885975e+06  7.705719e-03  7.208930e-03
158  1971.3699  328.93  5.795845  11425.754303  3.886299e+06  7.640902e-03  6.631433e-03
159  1971.4548  328.57  5.794750  11424.087515  3.886634e+06  7.574243e-03  6.810981e-03
160  1971.5370  327.36  5.791060  11417.290011  3.886958e+06  7.509982e-03  7.433559e-03
161  1971.6219  325.43  5.785147  11406.123279  3.887293e+06  7.443898e-03  8.488156e-03
162  1971.7068  323.36  5.778766  11394.032718  3.887628e+06  7.378106e-03  9.704677e-03
163  1971.7890  323.56  5.779385  11395.726918  3.887952e+06  7.314685e-03  9.583237e-03
164  1971.8740  324.80  5.783210  11403.760663  3.888287e+06  7.249391e-03  8.848971e-03
165  1971.9562  326.01  5.786928  11411.568658  3.888611e+06  7.186527e-03  8.163216e-03
166  1972.0410  326.77  5.789257  11416.651295  3.888946e+06  7.121961e-03  7.747875e-03
167  1972.1257  327.63  5.791885  11422.325108  3.889280e+06  7.057762e-03  7.292076e-03
168  1972.2049  327.75  5.792251  11423.506046  3.889592e+06  6.997994e-03  7.229668e-03
169  1972.2896  329.72  5.798244  11435.815964  3.889926e+06  6.934358e-03  6.246494e-03
170  1972.3716  330.07  5.799305  11438.383995  3.890250e+06  6.873027e-03  6.079917e-03
171  1972.4563  329.09  5.796331  11433.010130  3.890584e+06  6.809962e-03  6.552466e-03
172  1972.5383  328.04  5.793136  11427.181754  3.890907e+06  6.749185e-03  7.080048e-03
173  1972.6230  326.32  5.787878  11417.302240  3.891242e+06  6.686692e-03  7.992374e-03
174  1972.7077  324.84  5.783333  11408.825054  3.891576e+06  6.624490e-03  8.825817e-03
175  1972.7896  325.20  5.784440  11411.483819  3.891899e+06  6.564621e-03  8.618931e-03
176  1972.8743  326.50  5.788430  11419.844683  3.892233e+06  6.502991e-03  7.894078e-03
177  1972.9563  327.55  5.791641  11426.654036  3.892557e+06  6.443602e-03  7.333843e-03
178  1973.0411  328.55  5.794689  11433.159625  3.892891e+06  6.382472e-03  6.821032e-03
179  1973.1260  329.56  5.797758  11439.707903  3.893226e+06  6.321562e-03  6.323453e-03
180  1973.2027  330.30  5.800001  11444.578289  3.893529e+06  6.266786e-03  5.971772e-03
181  1973.2877  331.50  5.803628  11452.227372  3.893864e+06  6.206361e-03  5.424435e-03
182  1973.3699  332.48  5.806580  11458.529618  3.894189e+06  6.148205e-03  4.998330e-03
183  1973.4548  332.07  5.805346  11456.587515  3.894524e+06  6.088425e-03  5.174326e-03
184  1973.5370  330.87  5.801726  11449.920035  3.894848e+06  6.030826e-03  5.708260e-03
185  1973.6219  329.31  5.797000  11441.085279  3.895183e+06  5.971621e-03  6.444721e-03
186  1973.7068  327.51  5.791519  11430.759621  3.895519e+06  5.912709e-03  7.354775e-03
187  1973.7890  327.18  5.790510  11429.245886  3.895843e+06  5.855948e-03  7.528703e-03
188  1973.8740  328.16  5.793501  11435.641574  3.896179e+06  5.797542e-03  7.018633e-03
189  1973.9562  328.64  5.794963  11439.002998  3.896503e+06  5.741339e-03  6.775866e-03
190  1974.0411  329.35  5.797121  11443.755145  3.896838e+06  5.683576e-03  6.425234e-03
191  1974.1260  330.71  5.801242  11452.382385  3.897173e+06  5.626106e-03  5.781582e-03
192  1974.2027  331.48  5.803567  11457.418581  3.897476e+06  5.574437e-03  5.433326e-03
193  1974.2877  332.65  5.807091  11464.868109  3.897812e+06  5.517456e-03  4.926312e-03
194  1974.3750  333.19  5.808713  11468.577528  3.898157e+06  5.459237e-03  4.701252e-03
195  1974.4583  332.20  5.805737  11463.185997  3.898486e+06  5.403974e-03  5.118169e-03
196  1974.5417  331.07  5.802330  11456.942213  3.898815e+06  5.348926e-03  5.617314e-03
197  1974.6250  329.15  5.796514  11445.940616  3.899144e+06  5.294226e-03  6.522985e-03
198  1974.7083  327.33  5.790969  11435.474226  3.899473e+06  5.239807e-03  7.449371e-03
199  1974.7917  327.28  5.790816  11435.655518  3.899802e+06  5.185603e-03  7.475764e-03
200  1974.8750  328.31  5.793958  11442.343366  3.900131e+06  5.131747e-03  6.942271e-03
201  1974.9583  329.58  5.797819  11450.450986  3.900460e+06  5.078171e-03  6.313806e-03
202  1975.0417  330.73  5.801302  11457.814021  3.900790e+06  5.024813e-03  5.772389e-03
203  1975.1250  331.46  5.803507  11462.652037  3.901119e+06  4.971800e-03  5.442225e-03
204  1975.2083  331.94  5.804954  11465.993776  3.901448e+06  4.919068e-03  5.230811e-03
205  1975.2917  333.11  5.808473  11473.428044  3.901777e+06  4.866554e-03  4.734239e-03
206  1975.3750  333.95  5.810991  11478.886902  3.902106e+06  4.814385e-03  4.394005e-03
207  1975.4583  333.42  5.809403  11476.233289  3.902435e+06  4.762497e-03  4.607100e-03
208  1975.5417  331.97  5.805045  11468.107684  3.902765e+06  4.710828e-03  5.217747e-03
209  1975.6250  329.95  5.798941  11456.533066  3.903094e+06  4.659503e-03  6.136756e-03
210  1975.7083  328.50  5.794537  11448.314525  3.903423e+06  4.608458e-03  6.846195e-03
211  1975.7917  328.36  5.794111  11447.955568  3.903753e+06  4.557634e-03  6.916917e-03
212  1975.8750  329.38  5.797212  11454.566457  3.904082e+06  4.507152e-03  6.410641e-03
213  1975.9583  330.78  5.801454  11463.430199  3.904411e+06  4.456952e-03  5.749442e-03
214  1976.0417  331.56  5.803809  11468.568185  3.904741e+06  4.406973e-03  5.397810e-03
215  1976.1250  332.74  5.807361  11476.072055  3.905070e+06  4.357334e-03  4.888411e-03
216  1976.2083  333.36  5.809223  11480.234684  3.905399e+06  4.307978e-03  4.631563e-03
217  1976.2917  334.74  5.813354  11488.883479  3.905729e+06  4.258843e-03  4.086337e-03
218  1976.3750  334.72  5.813294  11489.249644  3.906058e+06  4.210049e-03  4.093980e-03
219  1976.4583  333.98  5.811081  11485.359494  3.906387e+06  4.161536e-03  4.382104e-03
220  1976.5417  333.08  5.808383  11480.510619  3.906717e+06  4.113246e-03  4.746641e-03
221  1976.6250  330.68  5.801151  11466.700373  3.907046e+06  4.065295e-03  5.795386e-03
222  1976.7083  328.96  5.795936  11456.875119  3.907376e+06  4.017626e-03  6.616588e-03
223  1976.7917  328.72  5.795206  11455.915762  3.907705e+06  3.970181e-03  6.735854e-03
224  1976.8750  330.16  5.799577  11465.039544  3.908035e+06  3.923074e-03  6.037475e-03
225  1976.9583  331.62  5.803990  11474.245680  3.908364e+06  3.876248e-03  5.371254e-03
226  1977.0417  332.68  5.807181  11481.039129  3.908694e+06  3.829648e-03  4.913661e-03
227  1977.1250  333.17  5.808653  11484.432806  3.909023e+06  3.783385e-03  4.709487e-03
228  1977.2083  334.96  5.814011  11495.511046  3.909353e+06  3.737403e-03  4.002771e-03
229  1977.2917  336.14  5.817528  11502.949315  3.909682e+06  3.691648e-03  3.570162e-03
230  1977.3750  336.93  5.819875  11508.075711  3.910012e+06  3.646228e-03  3.295148e-03
231  1977.4583  336.17  5.817617  11504.094992  3.910341e+06  3.601090e-03  3.559505e-03
232  1977.5417  334.89  5.813802  11497.036127  3.910671e+06  3.556179e-03  4.029260e-03
233  1977.6250  332.56  5.806820  11483.712986  3.911001e+06  3.511604e-03  4.964369e-03
234  1977.7083  331.29  5.802994  11476.629645  3.911330e+06  3.467309e-03  5.518180e-03
235  1977.7917  331.28  5.802964  11477.053914  3.911660e+06  3.423243e-03  5.522665e-03
236  1977.8750  332.46  5.806520  11484.569859  3.911990e+06  3.379511e-03  5.006839e-03
237  1977.9583  333.60  5.809943  11491.824328  3.912319e+06  3.336061e-03  4.534124e-03
238  1978.0417  334.94  5.813951  11500.238333  3.912649e+06  3.292840e-03  4.010330e-03
239  1978.1250  335.26  5.814906  11502.611624  3.912979e+06  3.249951e-03  3.890294e-03
240  1978.2083  336.66  5.819074  11511.339534  3.913308e+06  3.207344e-03  3.387829e-03
241  1978.2917  337.69  5.822128  11517.868122  3.913638e+06  3.164968e-03  3.041551e-03
242  1978.3750  338.02  5.823105  11520.285484  3.913968e+06  3.122924e-03  2.934769e-03
243  1978.4583  338.01  5.823075  11520.712017  3.914297e+06  3.081160e-03  2.937975e-03
244  1978.5417  336.50  5.818598  11512.339074  3.914627e+06  3.039629e-03  3.443392e-03
245  1978.6250  334.42  5.812398  11500.555375  3.914957e+06  2.998428e-03  4.209530e-03
246  1978.7083  332.36  5.806219  11488.813170  3.915287e+06  2.957509e-03  5.049503e-03
247  1978.7917  332.45  5.806489  11489.833175  3.915617e+06  2.916822e-03  5.011097e-03
248  1978.8750  333.76  5.810422  11498.099175  3.915946e+06  2.876465e-03  4.469779e-03
249  1978.9583  334.91  5.813862  11505.390141  3.916276e+06  2.836389e-03  4.021682e-03
250  1979.0417  336.14  5.817528  11513.129988  3.916606e+06  2.796547e-03  3.570162e-03
251  1979.1250  336.69  5.819163  11516.850232  3.916936e+06  2.757034e-03  3.377464e-03
252  1979.2083  338.27  5.823844  11526.601161  3.917265e+06  2.717802e-03  2.855212e-03
253  1979.2917  338.82  5.825469  11530.302426  3.917596e+06  2.678804e-03  2.684233e-03
254  1979.3750  339.24  5.826708  11533.239794  3.917925e+06  2.640135e-03  2.557401e-03
255  1979.4583  339.26  5.826767  11533.841855  3.918255e+06  2.601747e-03  2.551442e-03
256  1979.5417  337.54  5.821684  11524.266285  3.918585e+06  2.563594e-03  3.090754e-03
257  1979.6250  335.72  5.816277  11514.048305  3.918915e+06  2.525768e-03  3.721134e-03
258  1979.7083  333.97  5.811051  11504.186230  3.919245e+06  2.488224e-03  4.386069e-03
259  1979.7917  334.24  5.811859  11506.270799  3.919575e+06  2.450916e-03  4.279682e-03
260  1979.8750  335.32  5.815085  11513.142008  3.919905e+06  2.413934e-03  3.868004e-03
261  1979.9583  336.81  5.819519  11522.404893  3.920235e+06  2.377233e-03  3.336172e-03
262  1980.0417  337.90  5.822750  11529.287796  3.920565e+06  2.340770e-03  2.973366e-03
263  1980.1250  338.34  5.824051  11532.349594  3.920895e+06  2.304632e-03  2.833142e-03
264  1980.2083  340.07  5.829151  11542.934140  3.921225e+06  2.268775e-03  2.316217e-03
265  1980.2917  340.93  5.831677  11548.421912  3.921555e+06  2.233156e-03  2.079487e-03
266  1980.3750  341.45  5.833201  11551.925936  3.921885e+06  2.197862e-03  1.942810e-03
267  1980.4583  341.36  5.832938  11551.889760  3.922215e+06  2.162849e-03  1.966119e-03
268  1980.5417  339.45  5.827327  11541.263451  3.922545e+06  2.128075e-03  2.495194e-03
269  1980.6250  337.67  5.822069  11531.335586  3.922875e+06  2.093624e-03  3.048088e-03
270  1980.7083  336.25  5.817855  11523.473550  3.923205e+06  2.059455e-03  3.531169e-03
271  1980.7917  336.14  5.817528  11523.310662  3.923536e+06  2.025526e-03  3.570162e-03
272  1980.8750  337.30  5.820973  11530.619380  3.923866e+06  1.991919e-03  3.170347e-03
273  1980.9583  338.29  5.823904  11536.910008  3.924196e+06  1.958593e-03  2.848897e-03
274  1981.0417  339.29  5.826855  11543.243129  3.924526e+06  1.925509e-03  2.542517e-03
275  1981.1250  340.55  5.830562  11551.072058  3.924856e+06  1.892746e-03  2.182442e-03
276  1981.2083  341.63  5.833728  11557.830888  3.925186e+06  1.860264e-03  1.896628e-03
277  1981.2917  342.60  5.836564  11563.934989  3.925517e+06  1.828024e-03  1.657710e-03
278  1981.3750  343.04  5.837847  11566.964215  3.925847e+06  1.796105e-03  1.554845e-03
279  1981.4583  342.54  5.836388  11564.560315  3.926177e+06  1.764467e-03  1.672003e-03
280  1981.5417  340.82  5.831354  11555.072067  3.926508e+06  1.733072e-03  2.109023e-03
281  1981.6250  338.48  5.824465  11541.905468  3.926838e+06  1.701996e-03  2.789273e-03
282  1981.7083  336.95  5.819935  11533.412606  3.927168e+06  1.671202e-03  3.288337e-03
283  1981.7917  337.05  5.820231  11534.486057  3.927498e+06  1.640652e-03  3.254393e-03
284  1981.8750  338.57  5.824731  11543.888484  3.927829e+06  1.610420e-03  2.761262e-03
285  1981.9583  339.91  5.828681  11552.202442  3.928159e+06  1.580469e-03  2.361736e-03
286  1982.0417  340.93  5.831677  11558.627347  3.928489e+06  1.550764e-03  2.079487e-03
287  1982.1250  341.76  5.834109  11563.932779  3.928820e+06  1.521376e-03  1.863635e-03
288  1982.2083  342.78  5.837089  11570.325950  3.929150e+06  1.492269e-03  1.615215e-03
289  1982.2917  343.96  5.840525  11577.624968  3.929480e+06  1.463408e-03  1.350798e-03
290  1982.3750  344.77  5.842878  11582.774340  3.929811e+06  1.434864e-03  1.183432e-03
291  1982.4583  343.88  5.840293  11578.136855  3.930141e+06  1.406601e-03  1.367951e-03
292  1982.5417  342.42  5.836038  11570.188804  3.930472e+06  1.378585e-03  1.700781e-03
293  1982.6250  340.24  5.829651  11558.012311  3.930802e+06  1.350884e-03  2.268362e-03
294  1982.7083  338.38  5.824170  11547.629256  3.931132e+06  1.323465e-03  2.820571e-03
295  1982.7917  338.41  5.824258  11548.290774  3.931463e+06  1.296294e-03  2.811162e-03
296  1982.8750  339.44  5.827297  11554.801937  3.931793e+06  1.269437e-03  2.498138e-03
297  1982.9583  340.78  5.831237  11563.100022  3.932124e+06  1.242861e-03  2.119817e-03
298  1983.0417  341.57  5.833553  11568.178136  3.932454e+06  1.216535e-03  1.911958e-03
299  1983.1250  342.79  5.837118  11575.734663  3.932785e+06  1.190522e-03  1.612871e-03
300  1983.2083  343.37  5.838809  11579.573644  3.933115e+06  1.164790e-03  1.479940e-03
301  1983.2917  345.39  5.844674  11591.693857  3.933446e+06  1.139308e-03  1.063044e-03
302  1983.3750  346.14  5.846843  11596.482865  3.933776e+06  1.114139e-03  9.263049e-04
303  1983.4583  345.76  5.845745  11594.791227  3.934107e+06  1.089250e-03  9.943731e-04
304  1983.5417  344.32  5.841571  11587.000580  3.934438e+06  1.064614e-03  1.274998e-03
305  1983.6250  342.51  5.836301  11577.032282  3.934768e+06  1.040288e-03  1.679174e-03
306  1983.7083  340.46  5.830298  11565.609829  3.935099e+06  1.016243e-03  2.207208e-03
307  1983.7917  340.53  5.830503  11566.503909  3.935430e+06  9.924515e-04  2.187933e-03
308  1983.8750  341.79  5.834197  11574.316608  3.935760e+06  9.689695e-04  1.856064e-03
309  1983.9583  343.20  5.838313  11582.970264  3.936091e+06  9.457686e-04  1.518287e-03
310  1984.0417  344.21  5.841252  11589.287422  3.936421e+06  9.228216e-04  1.297919e-03
311  1984.1250  344.92  5.843313  11593.862426  3.936752e+06  9.001833e-04  1.153694e-03
312  1984.2083  345.68  5.845513  11598.716388  3.937083e+06  8.778262e-04  1.009021e-03
313  1984.2917  347.38  5.850419  11608.938422  3.937414e+06  8.557238e-04  7.214216e-04
314  1984.3750  347.78  5.851570  11611.709409  3.937744e+06  8.339293e-04  6.609259e-04
315  1984.4583  347.16  5.849786  11608.655922  3.938075e+06  8.124159e-04  7.558544e-04
316  1984.5417  345.79  5.845832  11601.296689  3.938406e+06  7.911584e-04  9.889088e-04
317  1984.6250  343.74  5.839886  11589.982875  3.938736e+06  7.702076e-04  1.398238e-03
318  1984.7083  341.59  5.833611  11578.016543  3.939067e+06  7.495379e-04  1.906841e-03
319  1984.7917  341.86  5.834401  11580.071268  3.939398e+06  7.291251e-04  1.838461e-03
320  1984.8750  343.31  5.838634  11588.958321  3.939729e+06  7.090181e-04  1.493416e-03
321  1984.9583  345.00  5.843544  11599.191992  3.940059e+06  6.891922e-04  1.137993e-03
322  1985.0417  345.48  5.844935  11602.439221  3.940391e+06  6.696241e-04  1.046123e-03
323  1985.1250  346.41  5.847623  11608.262696  3.940721e+06  6.503608e-04  8.794505e-04
324  1985.2083  347.91  5.851944  11617.327454  3.941052e+06  6.313787e-04  6.418495e-04
325  1985.2917  348.66  5.854097  11622.090652  3.941383e+06  6.126554e-04  5.373745e-04
326  1985.3750  349.28  5.855874  11626.105630  3.941714e+06  5.942358e-04  4.581604e-04
327  1985.4583  348.65  5.854069  11623.008999  3.942045e+06  5.760974e-04  5.387051e-04
328  1985.5417  346.90  5.849037  11613.505983  3.942376e+06  5.582189e-04  7.976118e-04
329  1985.6250  345.26  5.844298  11604.583733  3.942707e+06  5.406430e-04  1.087734e-03
330  1985.7083  343.47  5.839100  11594.748881  3.943037e+06  5.233484e-04  1.457621e-03
331  1985.7917  343.35  5.838750  11594.541954  3.943369e+06  5.063146e-04  1.484425e-03
332  1985.8750  344.73  5.842762  11602.993998  3.943700e+06  4.895825e-04  1.191428e-03
333  1985.9583  346.12  5.846786  11611.472263  3.944030e+06  4.731316e-04  9.298255e-04
334  1986.0417  346.78  5.848691  11615.743369  3.944362e+06  4.569426e-04  8.172739e-04
335  1986.1250  347.48  5.850707  11620.235658  3.944693e+06  4.410542e-04  7.060428e-04
336  1986.2083  348.25  5.852921  11625.119500  3.945023e+06  4.254471e-04  5.933103e-04
337  1986.2917  349.86  5.857533  11634.769328  3.945355e+06  4.101028e-04  3.898848e-04
338  1986.3750  350.52  5.859418  11639.000965  3.945686e+06  3.950582e-04  3.190085e-04
339  1986.4583  349.98  5.857876  11636.426420  3.946017e+06  3.802947e-04  3.764595e-04
340  1986.5417  348.25  5.852921  11627.070864  3.946348e+06  3.657952e-04  5.933103e-04
341  1986.6250  346.17  5.846930  11615.657279  3.946679e+06  3.515944e-04  9.210370e-04
342  1986.7083  345.48  5.844935  11612.180390  3.947010e+06  3.376747e-04  1.046123e-03
343  1986.7917  344.82  5.843023  11608.868689  3.947341e+06  3.240199e-04  1.173476e-03
344  1986.8750  346.22  5.847074  11617.405971  3.947672e+06  3.106628e-04  9.122915e-04
345  1986.9583  347.49  5.850736  11625.168233  3.948003e+06  2.975869e-04  7.045143e-04
346  1987.0417  348.73  5.854298  11632.734218  3.948335e+06  2.847769e-04  5.281076e-04
347  1987.1250  348.92  5.854843  11634.304240  3.948666e+06  2.722635e-04  5.033699e-04
348  1987.2083  349.81  5.857390  11639.854322  3.948997e+06  2.600313e-04  3.955495e-04
349  1987.2917  351.40  5.861925  11649.355248  3.949328e+06  2.480660e-04  2.357269e-04
350  1987.3750  352.15  5.864057  11654.080720  3.949659e+06  2.363964e-04  1.748042e-04
351  1987.4583  351.58  5.862437  11651.349633  3.949990e+06  2.250080e-04  2.202640e-04
352  1987.5417  350.21  5.858533  11644.078588  3.950322e+06  2.138875e-04  3.513975e-04
353  1987.6250  348.20  5.852777  11633.125939  3.950653e+06  2.030616e-04  6.003258e-04
354  1987.7083  346.66  5.848344  11624.802849  3.950984e+06  1.925169e-04  8.371823e-04
355  1987.7917  346.72  5.848518  11625.634619  3.951316e+06  1.822411e-04  8.271973e-04
356  1987.8750  348.08  5.852432  11633.903935  3.951647e+06  1.722590e-04  6.173355e-04
357  1987.9583  349.28  5.855874  11641.233109  3.951978e+06  1.625580e-04  4.581604e-04
358  1988.0417  350.51  5.859389  11648.710139  3.952310e+06  1.531270e-04  3.200284e-04
359  1988.1250  351.70  5.862779  11655.936584  3.952641e+06  1.439887e-04  2.102510e-04
360  1988.2083  352.50  5.865051  11660.942327  3.952972e+06  1.351314e-04  1.495228e-04
361  1988.2917  353.67  5.868364  11668.019981  3.953304e+06  1.265452e-04  7.946475e-05
362  1988.3750  354.35  5.870285  11672.328186  3.953635e+06  1.182506e-04  4.890834e-05
363  1988.4583  353.88  5.868958  11670.177994  3.953966e+06  1.102371e-04  6.923409e-05
364  1988.5417  352.80  5.865901  11664.589391  3.954298e+06  1.024956e-04  1.294418e-04
365  1988.6250  350.49  5.859332  11652.014447  3.954629e+06  9.504470e-05  3.220733e-04
366  1988.7083  348.97  5.854986  11643.859172  3.954961e+06  8.787494e-05  4.969608e-04
367  1988.7917  349.37  5.856132  11646.625786  3.955292e+06  8.097822e-05  4.471974e-04
368  1988.8750  350.42  5.859132  11653.082022  3.955624e+06  7.437107e-05  3.292824e-04
369  1988.9583  351.62  5.862551  11660.369564  3.955955e+06  6.804506e-05  2.169001e-04
370  1989.0417  353.07  5.866666  11669.043985  3.956287e+06  6.199310e-05  1.126196e-04
371  1989.1250  353.43  5.867685  11671.559813  3.956618e+06  5.622969e-05  9.202813e-05
372  1989.2083  354.08  5.869523  11675.703623  3.956950e+06  5.074742e-05  6.015086e-05
373  1989.2917  355.72  5.874144  11685.385714  3.957281e+06  4.554021e-05  9.826160e-06
374  1989.3750  355.95  5.874790  11687.160896  3.957613e+06  4.062055e-05  6.191655e-06
375  1989.4583  355.44  5.873356  11684.797755  3.957944e+06  3.598203e-05  1.538300e-05
376  1989.5417  354.05  5.869438  11677.491947  3.958276e+06  3.161958e-05  6.147233e-05
377  1989.6250  351.84  5.863177  11665.522597  3.958608e+06  2.754366e-05  1.988678e-04
378  1989.7083  350.09  5.858190  11656.089792  3.958939e+06  2.374887e-05  3.643636e-04
379  1989.7917  350.33  5.858876  11657.941975  3.959271e+06  2.023118e-05  3.386707e-04
380  1989.8750  351.55  5.862352  11665.347584  3.959603e+06  1.699900e-05  2.228042e-04
381  1989.9583  352.91  5.866213  11673.519382  3.959934e+06  1.404796e-05  1.224455e-04
382  1990.0417  353.86  5.868901  11679.358429  3.960266e+06  1.137502e-05  7.017782e-05
383  1990.1250  355.10  5.872399  11686.808935  3.960598e+06  8.986591e-06  2.380596e-05
384  1990.2083  355.75  5.874228  11690.937793  3.960929e+06  6.879294e-06  9.304563e-06
385  1990.2917  356.38  5.875998  11694.949207  3.961261e+06  5.051109e-06  1.640955e-06
386  1990.3750  357.38  5.878800  11701.015836  3.961593e+06  3.506421e-06  2.313643e-06
387  1990.4583  356.39  5.876026  11695.984000  3.961924e+06  2.242867e-06  1.569854e-06
388  1990.5417  354.89  5.871808  11688.078444  3.962256e+06  1.259438e-06  2.992848e-05
389  1990.6250  353.06  5.866638  11678.276297  3.962588e+06  5.584923e-07  1.132215e-04
390  1990.7083  351.38  5.861868  11669.269797  3.962920e+06  1.386817e-07  2.374778e-04
391  1990.7917  351.69  5.862750  11671.514250  3.963252e+06  8.842086e-12  2.110764e-04
392  1990.8750  353.14  5.866865  11680.194018  3.963583e+06  1.428062e-07  1.084513e-04
393  1990.9583  354.41  5.870454  11687.829982  3.963915e+06  5.667387e-07  4.656889e-05
394  1991.0417  354.93  5.871921  11691.238748  3.964247e+06  1.272822e-06  2.870804e-05
395  1991.1250  355.82  5.874425  11696.714448  3.964579e+06  2.259362e-06  8.142977e-06
396  1991.2083  357.33  5.878660  11705.636036  3.964910e+06  3.527038e-06  1.907574e-06
397  1991.2917  358.77  5.882682  11714.134874  3.965243e+06  5.077877e-06  2.919176e-05
398  1991.3750  359.23  5.883963  11717.176524  3.965574e+06  6.908160e-06  4.467956e-05
399  1991.4583  358.23  5.881175  11712.115242  3.965906e+06  9.019579e-06  1.518398e-05
400  1991.5417  356.30  5.875773  11701.847094  3.966238e+06  1.141517e-05  2.266538e-06
401  1991.6250  353.97  5.869212  11689.269676  3.966570e+06  1.408920e-05  6.506699e-05
402  1991.7083  352.34  5.864597  11680.565761  3.966902e+06  1.704436e-05  1.608320e-04
403  1991.7917  352.43  5.864852  11681.563577  3.967234e+06  2.028471e-05  1.544192e-04
404  1991.8750  353.89  5.868986  11690.286748  3.967566e+06  2.380248e-05  6.876464e-05
405  1991.9583  355.21  5.872709  11698.191762  3.967898e+06  2.760139e-05  2.087952e-05
406  1992.0417  356.34  5.875885  11705.008604  3.968230e+06  3.168649e-05  1.941129e-06
407  1992.1250  357.21  5.878324  11710.355888  3.968562e+06  3.604801e-05  1.092587e-06
408  1992.2083  357.97  5.880449  11715.079672  3.968894e+06  4.069065e-05  1.005276e-05
409  1992.2917  359.22  5.883935  11722.514892  3.969226e+06  4.562052e-05  4.430818e-05
410  1992.3750  359.71  5.885298  11725.720904  3.969558e+06  5.082577e-05  6.431360e-05
411  1992.4583  359.44  5.884547  11724.715039  3.969890e+06  5.631216e-05  5.283385e-05
412  1992.5417  357.15  5.878156  11712.470673  3.970222e+06  6.208678e-05  7.696315e-07
413  1992.6250  354.99  5.872090  11700.872579  3.970554e+06  6.813578e-05  2.692525e-05
414  1992.7083  353.01  5.866496  11690.216039  3.970886e+06  7.446591e-05  1.162556e-04
415  1992.7917  353.41  5.867629  11692.962083  3.971219e+06  8.108529e-05  9.311708e-05
416  1992.8750  354.42  5.870483  11699.138112  3.971551e+06  8.797803e-05  4.618459e-05
417  1992.9583  355.68  5.874031  11706.699733  3.971883e+06  9.515191e-05  1.054382e-05
418  1993.0417  357.10  5.878016  11715.130711  3.972215e+06  1.026160e-04  5.435810e-07
419  1993.1250  357.42  5.878912  11717.405605  3.972547e+06  1.103525e-04  2.666642e-06
420  1993.2083  358.59  5.882180  11724.409349  3.972879e+06  1.183701e-04  2.402078e-05
421  1993.2917  359.39  5.884408  11729.341924  3.973212e+06  1.266790e-04  5.083084e-05
422  1993.3750  360.30  5.886937  11734.873078  3.973544e+06  1.352593e-04  9.328551e-05
423  1993.4583  359.64  5.885104  11731.708480  3.973876e+06  1.441206e-04  6.122994e-05
424  1993.5417  357.46  5.879023  11720.078438  3.974209e+06  1.532743e-04  3.044650e-06
425  1993.6250  355.76  5.874256  11711.064308  3.974541e+06  1.626982e-04  9.133868e-06
426  1993.7083  354.14  5.869692  11702.454287  3.974873e+06  1.724033e-04  5.755134e-05
427  1993.7917  354.23  5.869946  11703.450451  3.975205e+06  1.824017e-04  5.376050e-05
428  1993.8750  355.53  5.873610  11711.243409  3.975538e+06  1.926695e-04  1.346113e-05
429  1993.9583  357.03  5.877820  11720.127600  3.975870e+06  2.032183e-04  2.929372e-07
430  1994.0417  358.36  5.881538  11728.032167  3.976202e+06  2.140615e-04  1.814328e-05
431  1994.1250  359.04  5.883434  11732.302432  3.976535e+06  2.251729e-04  3.788683e-05
432  1994.2083  360.11  5.886410  11738.726763  3.976867e+06  2.365655e-04  8.337453e-05
433  1994.2917  361.36  5.889875  11746.128211  3.977199e+06  2.482534e-04  1.586621e-04
434  1994.3750  361.78  5.891036  11748.935505  3.977532e+06  2.602086e-04  1.892748e-04
435  1994.4583  360.94  5.888712  11744.790005  3.977864e+06  2.724450e-04  1.307172e-04
436  1994.5417  359.51  5.884742  11737.363299  3.978197e+06  2.849776e-04  5.570261e-05
437  1994.6250  357.59  5.879387  11727.172452  3.978529e+06  2.977766e-04  4.445787e-06
438  1994.7083  355.86  5.874537  11717.988501  3.978861e+06  3.108566e-04  7.514068e-06
439  1994.7917  356.21  5.875520  11720.439416  3.979194e+06  3.242341e-04  3.091023e-06
440  1994.8750  357.65  5.879555  11728.976990  3.979526e+06  3.378767e-04  5.181448e-06
441  1994.9583  359.10  5.883601  11737.538452  3.979859e+06  3.518006e-04  3.997181e-05
442  1995.0417  360.04  5.886215  11743.244652  3.980191e+06  3.660227e-04  7.986213e-05
443  1995.1250  361.00  5.888878  11749.047637  3.980524e+06  3.805092e-04  1.345457e-04
444  1995.2083  361.98  5.891589  11754.947197  3.980856e+06  3.952767e-04  2.047872e-04
445  1995.2917  363.44  5.895614  11763.470122  3.981189e+06  4.103437e-04  3.361959e-04
446  1995.3750  363.83  5.896687  11766.101275  3.981521e+06  4.256738e-04  3.766763e-04
447  1995.4583  363.33  5.895312  11763.848288  3.981854e+06  4.412852e-04  3.251868e-04
448  1995.5417  361.78  5.891036  11755.808577  3.982187e+06  4.571968e-04  1.892748e-04
449  1995.6250  359.33  5.884241  11742.738817  3.982519e+06  4.733708e-04  4.847795e-05
450  1995.7083  358.32  5.881426  11737.611566  3.982852e+06  4.898258e-04  1.720480e-05
451  1995.7917  358.14  5.880924  11737.099250  3.983185e+06  5.065823e-04  1.328891e-05
452  1995.8750  359.61  5.885020  11745.764514  3.983517e+06  5.235999e-04  5.993138e-05
453  1995.9583  360.82  5.888379  11752.959376  3.983850e+06  5.408987e-04  1.232243e-04
454  1996.0417  362.20  5.892197  11761.070009  3.984182e+06  5.584999e-04  2.225458e-04
455  1996.1250  363.36  5.895394  11767.943505  3.984515e+06  5.763613e-04  3.281715e-04
456  1996.2083  364.28  5.897923  11773.482452  3.984848e+06  5.945039e-04  4.261841e-04
457  1996.2917  364.69  5.899048  11776.219917  3.985181e+06  6.129498e-04  4.738938e-04
458  1996.3750  365.25  5.900582  11779.774491  3.985513e+06  6.316550e-04  5.430520e-04
459  1996.4583  365.06  5.900062  11779.227199  3.985846e+06  6.506412e-04  5.190719e-04
460  1996.5417  363.69  5.896302  11772.212532  3.986179e+06  6.699319e-04  3.618852e-04
461  1996.6250  361.55  5.890400  11760.920588  3.986511e+06  6.894808e-04  1.721808e-04
462  1996.7083  359.69  5.885243  11751.112646  3.986844e+06  7.093109e-04  6.342489e-05
463  1996.7917  359.72  5.885326  11751.770011  3.987177e+06  7.294463e-04  6.476026e-05
464  1996.8750  361.04  5.888989  11759.574421  3.987510e+06  7.498390e-04  1.371283e-04
465  1996.9583  362.39  5.892721  11767.518071  3.987842e+06  7.705127e-04  2.384679e-04
466  1997.0417  363.24  5.895064  11772.688178  3.988176e+06  7.914929e-04  3.163133e-04
467  1997.1250  364.21  5.897731  11778.505273  3.988508e+06  8.127293e-04  4.182863e-04
468  1997.2083  364.65  5.898938  11781.407914  3.988841e+06  8.342468e-04  4.691302e-04
469  1997.2917  366.48  5.903944  11791.898248  3.989174e+06  8.560718e-04  7.110422e-04
470  1997.3750  366.77  5.904735  11793.969968  3.989507e+06  8.781519e-04  7.538524e-04
471  1997.4583  365.73  5.901895  11788.789865  3.989840e+06  9.005132e-04  6.059859e-04
472  1997.5417  364.46  5.898417  11782.333534  3.990173e+06  9.231829e-04  4.468248e-04
473  1997.6250  362.40  5.892749  11771.501870  3.990506e+06  9.461068e-04  2.393209e-04
474  1997.7083  360.44  5.887326  11761.159031  3.990838e+06  9.693118e-04  1.009408e-04
475  1997.7917  360.98  5.888823  11764.640823  3.991172e+06  9.928263e-04  1.332635e-04
476  1997.8750  362.65  5.893438  11774.352807  3.991505e+06  1.016594e-03  2.611329e-04
477  1997.9583  364.51  5.898554  11785.064894  3.991837e+06  1.040643e-03  4.526431e-04
478  1998.0417  365.39  5.900965  11790.374692  3.992171e+06  1.065002e-03  5.610598e-04
479  1998.1250  366.10  5.902907  11794.745091  3.992504e+06  1.089613e-03  6.567916e-04
480  1998.2083  367.36  5.906342  11802.102194  3.992836e+06  1.114506e-03  8.446997e-04
481  1998.2917  368.79  5.910227  11810.358311  3.993170e+06  1.139710e-03  1.085624e-03
482  1998.3750  369.56  5.912313  11815.018709  3.993503e+06  1.165165e-03  1.227419e-03
483  1998.4583  369.13  5.911149  11813.184553  3.993836e+06  1.190901e-03  1.147198e-03
484  1998.5417  367.98  5.908029  11807.441500  3.994169e+06  1.216950e-03  9.455633e-04
485  1998.6250  366.10  5.902907  11797.696544  3.994502e+06  1.243249e-03  6.567916e-04
486  1998.7083  364.16  5.897593  11787.568742  3.994835e+06  1.269829e-03  4.126893e-04
487  1998.7917  364.54  5.898636  11790.145247  3.995168e+06  1.296722e-03  4.561518e-04
488  1998.8750  365.67  5.901731  11796.823127  3.995501e+06  1.323865e-03  5.979351e-04
489  1998.9583  367.30  5.906179  11806.205439  3.995834e+06  1.351288e-03  8.352318e-04
490  1999.0417  368.35  5.909034  11812.404519  3.996168e+06  1.379027e-03  1.008380e-03
491  1999.1250  369.28  5.911555  11817.937717  3.996501e+06  1.407013e-03  1.174885e-03
492  1999.2083  369.84  5.913070  11821.459581  3.996834e+06  1.435280e-03  1.281060e-03
493  1999.2917  371.15  5.916606  11829.021855  3.997167e+06  1.463863e-03  1.546669e-03
494  1999.3750  371.12  5.916525  11829.353092  3.997500e+06  1.492694e-03  1.540318e-03
495  1999.4583  370.46  5.914745  11826.286936  3.997833e+06  1.521805e-03  1.403769e-03
496  1999.5417  369.61  5.912448  11822.187116  3.998167e+06  1.551232e-03  1.236916e-03
497  1999.6250  367.06  5.905525  11808.836073  3.998500e+06  1.580906e-03  7.978787e-04
498  1999.7083  364.95  5.899760  11797.799756  3.998833e+06  1.610861e-03  5.054306e-04
499  1999.7917  365.52  5.901321  11801.412749  3.999167e+06  1.641134e-03  5.780381e-04
500  1999.8750  366.88  5.905035  11809.331509  3.999500e+06  1.671651e-03  7.704091e-04
501  1999.9583  368.26  5.908789  11817.332024  3.999833e+06  1.702450e-03  9.929201e-04
502  2000.0417  369.45  5.912015  11824.277358  4.000167e+06  1.733567e-03  1.206648e-03
503  2000.1250  369.71  5.912719  11826.176919  4.000500e+06  1.764929e-03  1.256018e-03
504  2000.2083  370.75  5.915528  11832.288167  4.000833e+06  1.796571e-03  1.463017e-03
505  2000.2917  371.98  5.918840  11839.406704  4.001167e+06  1.828533e-03  1.727359e-03
506  2000.3750  371.75  5.918222  11838.662504  4.001500e+06  1.860738e-03  1.676330e-03
507  2000.4583  371.87  5.918544  11839.801131  4.001833e+06  1.893224e-03  1.702863e-03
508  2000.5417  370.02  5.913557  11830.317490  4.002167e+06  1.926031e-03  1.316128e-03
509  2000.6250  368.27  5.908816  11821.325740  4.002500e+06  1.959080e-03  9.946322e-04
510  2000.7083  367.15  5.905770  11815.724025  4.002834e+06  1.992410e-03  8.117889e-04
511  2000.7917  367.18  5.905852  11816.380045  4.003167e+06  2.026061e-03  8.164515e-04
512  2000.8750  368.53  5.909522  11824.215071  4.003501e+06  2.059954e-03  1.039646e-03
513  2000.9583  369.83  5.913043  11831.753351  4.003834e+06  2.094128e-03  1.279126e-03
514  2001.0417  370.76  5.915555  11837.272140  4.004168e+06  2.128624e-03  1.465081e-03
515  2001.1250  371.69  5.918060  11842.778165  4.004501e+06  2.163360e-03  1.663139e-03
516  2001.2083  372.63  5.920586  11848.325784  4.004835e+06  2.198377e-03  1.875530e-03
517  2001.2917  373.55  5.923052  11853.754535  4.005168e+06  2.233719e-03  2.095194e-03
518  2001.3750  374.03  5.924336  11856.817978  4.005502e+06  2.269299e-03  2.214402e-03
519  2001.4583  373.40  5.922650  11853.937463  4.005835e+06  2.305160e-03  2.058587e-03
520  2001.5417  371.68  5.918033  11845.190370  4.006169e+06  2.341346e-03  1.660945e-03
521  2001.6250  369.78  5.912908  11835.424944  4.006503e+06  2.377769e-03  1.269473e-03
522  2001.7083  368.34  5.909006  11828.107205  4.006836e+06  2.414474e-03  1.006656e-03
523  2001.7917  368.61  5.909739  11830.066829  4.007170e+06  2.451505e-03  1.053691e-03
524  2001.8750  369.94  5.913341  11837.769175  4.007504e+06  2.488772e-03  1.300486e-03
525  2001.9583  371.42  5.917333  11846.254910  4.007837e+06  2.526321e-03  1.604397e-03
526  2002.0417  372.70  5.920774  11853.636057  4.008171e+06  2.564196e-03  1.891835e-03
527  2002.1250  373.37  5.922570  11857.725231  4.008505e+06  2.602307e-03  2.051303e-03
528  2002.2083  374.30  5.925058  11863.199535  4.008838e+06  2.640700e-03  2.282837e-03
529  2002.2917  375.19  5.927433  11868.449026  4.009172e+06  2.679420e-03  2.515423e-03
530  2002.3750  375.93  5.929403  11872.888244  4.009506e+06  2.718375e-03  2.716951e-03
531  2002.4583  375.69  5.928764  11872.103352  4.009839e+06  2.757611e-03  2.650783e-03
532  2002.5417  374.16  5.924684  11864.425795  4.010173e+06  2.797176e-03  2.247228e-03
533  2002.6250  372.03  5.918974  11853.486300  4.010507e+06  2.836975e-03  1.738550e-03
534  2002.7083  370.92  5.915986  11847.995078  4.010841e+06  2.877054e-03  1.498296e-03
535  2002.7917  370.73  5.915474  11847.462299  4.011175e+06  2.917464e-03  1.458893e-03
536  2002.8750  372.43  5.920049  11857.118343  4.011508e+06  2.958107e-03  1.829318e-03
537  2002.9583  373.98  5.924202  11865.930208  4.011842e+06  2.999030e-03  2.201838e-03
538  2003.0417  375.07  5.927113  11872.253849  4.012176e+06  3.040285e-03  2.483438e-03
539  2003.1250  375.82  5.929110  11876.749080  4.012510e+06  3.081771e-03  2.686528e-03
540  2003.2083  376.64  5.931290  11881.609005  4.012843e+06  3.123538e-03  2.917215e-03
541  2003.2917  377.92  5.934683  11888.900261  4.013178e+06  3.165637e-03  3.295214e-03
542  2003.3750  378.78  5.936956  11893.948348  4.013511e+06  3.207967e-03  3.561343e-03
543  2003.4583  378.46  5.936110  11892.749625  4.013845e+06  3.250578e-03  3.461182e-03
544  2003.5417  376.88  5.931927  11884.862774  4.014179e+06  3.293522e-03  2.986432e-03
545  2003.6250  374.57  5.925779  11873.038351  4.014513e+06  3.336696e-03  2.352262e-03
546  2003.7083  373.34  5.922490  11866.941433  4.014847e+06  3.380151e-03  2.044031e-03
547  2003.7917  373.31  5.922409  11867.274346  4.015181e+06  3.423939e-03  2.036771e-03
548  2003.8750  374.84  5.926499  11875.963721  4.015515e+06  3.467957e-03  2.422677e-03
549  2003.9583  376.17  5.930041  11883.555220  4.015849e+06  3.512255e-03  2.783891e-03
550  2004.0417  377.17  5.932696  11889.370206  4.016183e+06  3.556889e-03  3.071093e-03
551  2004.1250  378.05  5.935026  11894.534908  4.016517e+06  3.601750e-03  3.334818e-03
552  2004.2083  379.06  5.937695  11900.376608  4.016851e+06  3.646892e-03  3.650084e-03
553  2004.2917  380.54  5.941591  11908.682121  4.017185e+06  3.692370e-03  4.136126e-03
554  2004.3750  380.80  5.942274  11910.546056  4.017519e+06  3.738075e-03  4.224445e-03
555  2004.4583  379.87  5.939829  11906.139718  4.017853e+06  3.784061e-03  3.912567e-03
556  2004.5417  377.65  5.933968  11894.885983  4.018187e+06  3.830384e-03  3.213673e-03
557  2004.6250  376.17  5.930041  11887.508778  4.018521e+06  3.876933e-03  2.783891e-03
558  2004.7083  374.43  5.925405  11878.708323  4.018855e+06  3.923763e-03  2.316140e-03
559  2004.7917  374.63  5.925939  11880.273066  4.019190e+06  3.970930e-03  2.367825e-03
560  2004.8750  376.33  5.930466  11889.843860  4.019524e+06  4.018323e-03  2.828947e-03
561  2004.9583  377.68  5.934047  11897.517339  4.019858e+06  4.065996e-03  3.222685e-03
562  2005.0417  378.63  5.936559  11903.049302  4.020192e+06  4.114009e-03  3.514225e-03
563  2005.1250  379.91  5.939934  11910.310929  4.020526e+06  4.162245e-03  3.925750e-03
564  2005.2083  380.95  5.942668  11916.287464  4.020860e+06  4.210762e-03  4.275794e-03
565  2005.2917  382.48  5.946676  11924.820756  4.021195e+06  4.259619e-03  4.816053e-03
566  2005.3750  382.64  5.947095  11926.154832  4.021529e+06  4.308699e-03  4.874277e-03
567  2005.4583  382.40  5.946467  11925.391964  4.021863e+06  4.358060e-03  4.787063e-03
568  2005.5417  380.93  5.942616  11918.163455  4.022198e+06  4.407762e-03  4.268931e-03
569  2005.6250  378.93  5.937351  11908.100585  4.022532e+06  4.457686e-03  3.608755e-03
570  2005.7083  376.89  5.931953  11897.768105  4.022866e+06  4.507891e-03  2.989333e-03
571  2005.7917  377.19  5.932749  11899.858781  4.023200e+06  4.558437e-03  3.076972e-03
572  2005.8750  378.54  5.936322  11907.519385  4.023535e+06  4.609205e-03  3.486096e-03
573  2005.9583  380.31  5.940987  11917.371600  4.023869e+06  4.660253e-03  4.058726e-03
574  2006.0417  381.58  5.944321  11924.554856  4.024203e+06  4.711645e-03  4.494623e-03
575  2006.1250  382.40  5.946467  11929.356474  4.024538e+06  4.763256e-03  4.787063e-03
576  2006.2083  382.86  5.947669  11932.263690  4.024872e+06  4.815148e-03  4.954866e-03
577  2006.2917  384.80  5.952724  11942.900189  4.025206e+06  4.867384e-03  5.691970e-03
578  2006.3750  385.22  5.953815  11945.584767  4.025541e+06  4.919839e-03  5.857763e-03
579  2006.4583  384.24  5.951267  11940.969785  4.025875e+06  4.972575e-03  5.474340e-03
580  2006.5417  382.65  5.947121  11933.145746  4.026210e+06  5.025656e-03  4.877927e-03
581  2006.6250  380.60  5.941749  11922.861997  4.026544e+06  5.078955e-03  4.156430e-03
582  2006.7083  379.04  5.937642  11915.114963  4.026878e+06  5.132534e-03  3.643712e-03
583  2006.7917  379.33  5.938407  11917.144953  4.027213e+06  5.186460e-03  3.736628e-03
584  2006.8750  380.35  5.941092  11923.028770  4.027547e+06  5.240602e-03  4.072138e-03
585  2006.9583  382.02  5.945473  11932.316311  4.027882e+06  5.295026e-03  4.650475e-03
586  2007.0417  383.10  5.948296  11938.478220  4.028216e+06  5.349796e-03  5.043482e-03
587  2007.1250  384.12  5.950955  11944.310562  4.028551e+06  5.404782e-03  5.428216e-03
588  2007.2083  384.81  5.952750  11948.408618  4.028885e+06  5.460050e-03  5.695892e-03
589  2007.2917  386.73  5.957727  11958.895507  4.029220e+06  5.515665e-03  6.471913e-03
590  2007.3750  386.78  5.957856  11959.651300  4.029554e+06  5.571495e-03  6.492730e-03
591  2007.4583  386.33  5.956692  11957.810648  4.029889e+06  5.627606e-03  6.306480e-03
592  2007.5417  384.73  5.952542  11949.975864  4.030224e+06  5.684066e-03  5.664551e-03
593  2007.6250  382.24  5.946049  11937.435988  4.030558e+06  5.740739e-03  4.729328e-03
594  2007.7083  381.20  5.943324  11932.461269  4.030893e+06  5.797694e-03  4.362021e-03
595  2007.7917  381.37  5.943770  11933.852138  4.031228e+06  5.854999e-03  4.421114e-03
596  2007.8750  382.70  5.947251  11941.337390  4.031562e+06  5.912516e-03  4.896195e-03
597  2007.9583  384.19  5.951137  11949.635379  4.031897e+06  5.970314e-03  5.455100e-03
598  2008.0417  385.78  5.955267  11958.424990  4.032231e+06  6.028464e-03  6.082235e-03
599  2008.1250  386.06  5.955993  11960.378037  4.032566e+06  6.086825e-03  6.195929e-03
600  2008.2083  386.28  5.956562  11962.018242  4.032901e+06  6.145467e-03  6.285940e-03
601  2008.2917  387.34  5.959303  11968.018472  4.033236e+06  6.204461e-03  6.727983e-03
602  2008.3750  388.78  5.963014  11975.967501  4.033570e+06  6.263666e-03  7.350500e-03
603  2008.4583  387.99  5.960980  11972.378886  4.033905e+06  6.323152e-03  7.005856e-03
604  2008.5417  386.61  5.957416  11965.719330  4.034240e+06  6.382991e-03  6.422076e-03
605  2008.6250  384.32  5.951476  11954.282554  4.034574e+06  6.443040e-03  5.505189e-03
606  2008.7083  383.41  5.949105  11950.016416  4.034909e+06  6.503369e-03  5.159023e-03
607  2008.7917  383.21  5.948583  11949.464442  4.035244e+06  6.564053e-03  5.084341e-03
608  2008.8750  384.41  5.951710  11956.240806  4.035579e+06  6.624946e-03  5.539991e-03
609  2008.9583  385.79  5.955293  11963.935663  4.035913e+06  6.686119e-03  6.086279e-03
610  2009.0417  387.17  5.958864  11971.606006  4.036249e+06  6.747647e-03  6.656161e-03
611  2009.1250  387.70  5.960232  11974.850805  4.036583e+06  6.809384e-03  6.881245e-03
612  2009.2083  389.04  5.963682  11982.279707  4.036918e+06  6.871401e-03  7.465581e-03
613  2009.2917  389.76  5.965531  11986.492256  4.037253e+06  6.933774e-03  7.788520e-03
614  2009.3750  390.36  5.967069  11990.080056  4.037588e+06  6.996354e-03  8.062390e-03
615  2009.4583  389.70  5.965377  11987.176752  4.037923e+06  7.059215e-03  7.761370e-03
616  2009.5417  388.24  5.961624  11980.131435  4.038258e+06  7.122433e-03  7.114101e-03
617  2009.6250  386.29  5.956588  11970.508929  4.038593e+06  7.185856e-03  6.290046e-03
618  2009.7083  384.95  5.953113  11964.021523  4.038927e+06  7.249561e-03  5.750929e-03
619  2009.7917  384.64  5.952308  11962.898876  4.039263e+06  7.313624e-03  5.629389e-03
620  2009.8750  386.23  5.956433  11971.685870  4.039598e+06  7.377891e-03  6.265430e-03
621  2009.9583  387.63  5.960051  11979.454531  4.039932e+06  7.442439e-03  6.851320e-03
622  2010.0417  388.91  5.963348  11986.578060  4.040268e+06  7.507347e-03  7.407938e-03
623  2010.1250  390.41  5.967197  11994.812812  4.040603e+06  7.572458e-03  8.085407e-03
624  2010.2083  391.37  5.969653  12000.246821  4.040937e+06  7.637850e-03  8.533109e-03
625  2010.2917  392.67  5.972970  12007.411140  4.041273e+06  7.703602e-03  9.156765e-03
626  2010.3750  393.21  5.974344  12010.671458  4.041608e+06  7.769557e-03  9.421662e-03
627  2010.4583  392.38  5.972231  12006.920897  4.041943e+06  7.835793e-03  9.015917e-03
628  2010.5417  390.41  5.967197  11997.299343  4.042278e+06  7.902390e-03  8.085407e-03
629  2010.6250  388.54  5.962396  11988.142708  4.042613e+06  7.969189e-03  7.244997e-03
630  2010.7083  387.03  5.958502  11980.809848  4.042948e+06  8.036268e-03  6.597279e-03
631  2010.7917  387.43  5.959535  11983.383891  4.043283e+06  8.103710e-03  6.766150e-03
632  2010.8750  388.87  5.963245  11991.340486  4.043618e+06  8.171352e-03  7.390243e-03
633  2010.9583  389.99  5.966121  11997.620740  4.043953e+06  8.239276e-03  7.892994e-03
634  2011.0417  391.50  5.969986  12005.889820  4.044289e+06  8.307562e-03  8.594577e-03
635  2011.1250  392.05  5.971389  12009.210472  4.044624e+06  8.376048e-03  8.856844e-03
636  2011.2083  392.80  5.973301  12013.551698  4.044959e+06  8.444815e-03  9.220225e-03
637  2011.2917  393.44  5.974929  12017.324258  4.045294e+06  8.513947e-03  9.535523e-03
638  2011.3750  394.41  5.977391  12022.774777  4.045629e+06  8.583276e-03  1.002249e-02
639  2011.4583  393.95  5.976224  12020.925363  4.045964e+06  8.652887e-03  9.790197e-03
640  2011.5417  392.72  5.973097  12015.133472  4.046300e+06  8.722863e-03  9.181149e-03
641  2011.6250  390.33  5.966993  12003.351359  4.046635e+06  8.793037e-03  8.048595e-03
642  2011.7083  389.28  5.964299  11998.429559  4.046970e+06  8.863491e-03  7.572533e-03
643  2011.7917  389.19  5.964068  11998.461809  4.047306e+06  8.934312e-03  7.532345e-03
644  2011.8750  390.48  5.967377  12005.616102  4.047641e+06  9.005329e-03  8.117681e-03
645  2011.9583  392.06  5.971415  12014.237749  4.047976e+06  9.076628e-03  8.861646e-03
646  2012.0417  393.31  5.974598  12021.140528  4.048312e+06  9.148293e-03  9.471091e-03
647  2012.1250  394.04  5.976452  12025.369340  4.048647e+06  9.220154e-03  9.835453e-03
648  2012.2083  394.59  5.977847  12028.673855  4.048982e+06  9.292296e-03  1.011406e-02
649  2012.2917  396.38  5.982373  12038.280233  4.049318e+06  9.364807e-03  1.104491e-02
650  2012.3750  396.93  5.983760  12041.568915  4.049653e+06  9.437511e-03  1.133828e-02
651  2012.4583  395.91  5.981187  12036.889246  4.049988e+06  9.510497e-03  1.079694e-02
652  2012.5417  394.56  5.977771  12030.513853  4.050324e+06  9.583852e-03  1.009877e-02
653  2012.6250  392.59  5.972766  12020.937789  4.050659e+06  9.657401e-03  9.117812e-03
654  2012.7083  391.32  5.969526  12014.913802  4.050995e+06  9.731230e-03  8.509521e-03
655  2012.7917  391.27  5.969398  12015.154464  4.051330e+06  9.805430e-03  8.485962e-03
656  2012.8750  393.20  5.974318  12025.556126  4.051666e+06  9.879822e-03  9.416725e-03
657  2012.9583  394.57  5.977797  12033.055210  4.052001e+06  9.954496e-03  1.010387e-02
658  2013.0417  395.78  5.980859  12039.717565  4.052337e+06  1.002954e-02  1.072880e-02
659  2013.1250  397.03  5.984012  12046.563845  4.052672e+06  1.010478e-02  1.139199e-02
660  2013.2083  397.66  5.985597  12050.254303  4.053008e+06  1.018029e-02  1.173296e-02
661  2013.2917  398.64  5.988059  12055.708988  4.053343e+06  1.025618e-02  1.227225e-02
662  2013.3750  400.02  5.991515  12063.165599  4.053679e+06  1.033226e-02  1.304986e-02
663  2013.4583  398.81  5.988485  12057.565055  4.054014e+06  1.040862e-02  1.236689e-02
664  2013.5417  397.51  5.985220  12051.490237  4.054350e+06  1.048536e-02  1.165137e-02
665  2013.6250  395.39  5.979873  12041.221004  4.054686e+06  1.056228e-02  1.052554e-02
666  2013.7083  393.72  5.975640  12033.195859  4.055021e+06  1.063949e-02  9.674969e-03
667  2013.7917  393.90  5.976097  12034.614678  4.055357e+06  1.071706e-02  9.765095e-03
668  2013.8750  395.36  5.979797  12042.563164  4.055693e+06  1.079483e-02  1.050997e-02
669  2013.9583  397.03  5.984012  12051.550322  4.056028e+06  1.087288e-02  1.139199e-02
670  2014.0417  398.04  5.986553  12057.166380  4.056364e+06  1.095130e-02  1.194079e-02
671  2014.1250  398.27  5.987130  12058.828548  4.056700e+06  1.102991e-02  1.206737e-02
672  2014.2083  399.91  5.991240  12067.604372  4.057035e+06  1.110881e-02  1.298710e-02
673  2014.2917  401.51  5.995232  12076.146943  4.057371e+06  1.118807e-02  1.391311e-02
674  2014.3750  401.96  5.996353  12078.902731  4.057707e+06  1.126753e-02  1.417862e-02
675  2014.4583  401.43  5.995033  12076.744332  4.058042e+06  1.134726e-02  1.386615e-02
676  2014.5417  399.27  5.989638  12066.375277  4.058378e+06  1.142738e-02  1.262461e-02
677  2014.6250  397.18  5.984390  12056.300854  4.058714e+06  1.150768e-02  1.147277e-02
678  2014.7083  395.54  5.980252  12048.463179  4.059050e+06  1.158826e-02  1.060351e-02
679  2014.7917  396.16  5.981818  12052.117600  4.059386e+06  1.166921e-02  1.092853e-02
680  2014.8750  397.40  5.984943  12058.912692  4.059721e+06  1.175036e-02  1.159170e-02
681  2014.9583  399.08  5.989162  12067.911477  4.060057e+06  1.183178e-02  1.251788e-02
682  2015.0417  400.18  5.991914  12073.957471  4.060393e+06  1.191358e-02  1.314138e-02
683  2015.1250  400.55  5.992839  12076.318889  4.060729e+06  1.199557e-02  1.335412e-02
684  2015.2083  401.74  5.995805  12082.796229  4.061064e+06  1.207783e-02  1.404854e-02
685  2015.2917  403.34  5.999780  12091.306591  4.061401e+06  1.216048e-02  1.500657e-02
686  2015.3750  404.15  6.001786  12095.849654  4.061736e+06  1.224331e-02  1.550212e-02
687  2015.4583  402.97  5.998862  12090.456445  4.062072e+06  1.232642e-02  1.478256e-02
688  2015.5417  401.46  5.995108  12083.389973  4.062408e+06  1.240991e-02  1.388375e-02
689  2015.6250  399.11  5.989237  12072.055965  4.062744e+06  1.249359e-02  1.253470e-02
690  2015.7083  397.82  5.986000  12066.029162  4.063080e+06  1.257754e-02  1.182027e-02
691  2015.7917  398.49  5.987682  12069.920492  4.063416e+06  1.266188e-02  1.218901e-02
692  2015.8750  400.27  5.992139  12079.403850  4.063752e+06  1.274640e-02  1.319299e-02
693  2015.9583  402.06  5.996601  12088.898225  4.064088e+06  1.283119e-02  1.423792e-02
694  2016.0417  402.73  5.998266  12092.755114  4.064424e+06  1.291638e-02  1.463804e-02
695  2016.1250  404.25  6.002033  12100.849787  4.064760e+06  1.300174e-02  1.556379e-02
696  2016.2083  405.06  6.004035  12105.385612  4.065096e+06  1.308738e-02  1.606724e-02
697  2016.2917  407.60  6.010286  12118.490384  4.065432e+06  1.317341e-02  1.769106e-02
698  2016.3750  407.90  6.011022  12120.474579  4.065768e+06  1.325961e-02  1.788732e-02
699  2016.4583  406.99  6.008789  12116.471676  4.066104e+06  1.334610e-02  1.729489e-02
700  2016.5417  404.59  6.002874  12105.046162  4.066440e+06  1.343297e-02  1.577426e-02
701  2016.6250  402.45  5.997571  12094.851347  4.066776e+06  1.352002e-02  1.447024e-02
702  2016.7083  401.23  5.994535  12089.228144  4.067112e+06  1.360735e-02  1.374903e-02
703  2016.7917  401.79  5.995930  12092.540979  4.067449e+06  1.369506e-02  1.407806e-02
704  2016.8750  403.72  6.000722  12102.705313  4.067785e+06  1.378295e-02  1.523817e-02
705  2016.9583  404.64  6.002998  12107.796203  4.068121e+06  1.387113e-02  1.580532e-02
706  2017.0417  406.36  6.007239  12116.852505  4.068457e+06  1.395969e-02  1.688983e-02
707  2017.1250  406.66  6.007977  12118.841525  4.068793e+06  1.404842e-02  1.708220e-02
708  2017.2083  407.54  6.010139  12123.702451  4.069129e+06  1.413744e-02  1.765192e-02
709  2017.2917  409.22  6.014253  12132.502474  4.069466e+06  1.422685e-02  1.876197e-02
710  2017.3750  409.89  6.015889  12136.303730  4.069802e+06  1.431642e-02  1.921280e-02
711  2017.4583  409.08  6.013911  12132.814130  4.070138e+06  1.440629e-02  1.866835e-02
712  2017.5417  407.33  6.009624  12124.666351  4.070475e+06  1.449654e-02  1.751522e-02
713  2017.6250  405.32  6.004677  12115.186187  4.070811e+06  1.458696e-02  1.623033e-02
714  2017.7083  403.57  6.000350  12106.955906  4.071147e+06  1.467766e-02  1.514656e-02
715  2017.7917  403.82  6.000969  12108.705913  4.071483e+06  1.476876e-02  1.529938e-02
716  2017.8750  405.31  6.004652  12116.637571  4.071820e+06  1.486003e-02  1.622404e-02
717  2017.9583  407.00  6.008813  12125.534441  4.072156e+06  1.495157e-02  1.730135e-02
718  2018.0417  408.15  6.011635  12131.729619  4.072492e+06  1.504351e-02  1.805158e-02
719  2018.1250  408.52  6.012541  12134.059049  4.072829e+06  1.513562e-02  1.829589e-02
720  2018.2083  409.59  6.015157  12139.839096  4.073165e+06  1.522802e-02  1.901037e-02
721  2018.2917  410.45  6.017254  12144.574045  4.073501e+06  1.532080e-02  1.959315e-02
722  2018.3750  411.44  6.019663  12149.937714  4.073838e+06  1.541376e-02  2.027338e-02
723  2018.4583  410.99  6.018569  12148.230317  4.074174e+06  1.550699e-02  1.996295e-02
724  2018.5417  408.90  6.013471  12138.441223  4.074511e+06  1.560062e-02  1.854828e-02
725  2018.6250  407.16  6.009206  12130.333923  4.074847e+06  1.569442e-02  1.740491e-02
726  2018.7083  405.71  6.005639  12123.632526  4.075183e+06  1.578850e-02  1.647630e-02
727  2018.7917  406.19  6.006821  12126.520440  4.075520e+06  1.588297e-02  1.678125e-02
728  2018.8750  408.21  6.011782  12137.035876  4.075856e+06  1.597761e-02  1.809110e-02
729  2018.9583  409.27  6.014375  12142.772497  4.076193e+06  1.607254e-02  1.879545e-02
730  2019.0417  411.03  6.018666  12151.938045  4.076529e+06  1.616786e-02  1.999046e-02
731  2019.1250  411.96  6.020926  12157.002729  4.076866e+06  1.626334e-02  2.063466e-02
732  2019.2083  412.18  6.021460  12158.582307  4.077202e+06  1.635911e-02  2.078833e-02
733  2019.2917  413.54  6.024754  12165.736241  4.077539e+06  1.645527e-02  2.174907e-02
734  2019.3750  414.86  6.027941  12172.673587  4.077875e+06  1.655160e-02  2.269920e-02
735  2019.4583  414.16  6.026252  12169.765372  4.078212e+06  1.664821e-02  2.219319e-02
736  2019.5417  411.97  6.020951  12159.560671  4.078549e+06  1.674522e-02  2.064163e-02
737  2019.6250  410.18  6.016596  12151.267874  4.078885e+06  1.684239e-02  1.940937e-02
738  2019.7083  408.76  6.013128  12144.764908  4.079222e+06  1.693985e-02  1.845512e-02
739  2019.7917  408.75  6.013104  12145.216989  4.079559e+06  1.703770e-02  1.844847e-02
740  2019.8750  410.48  6.017327  12154.248791  4.079895e+06  1.713572e-02  1.961362e-02
741  2019.9583  411.98  6.020975  12162.118030  4.080232e+06  1.723402e-02  2.064861e-02
742  2020.0417  413.61  6.024924  12170.596711  4.080568e+06  1.733271e-02  2.179902e-02
743  2020.1250  414.34  6.026687  12174.660859  4.080905e+06  1.743157e-02  2.232285e-02
744  2020.2083  414.74  6.027652  12177.112232  4.081242e+06  1.753072e-02  2.261211e-02
745  2020.2917  416.45  6.031766  12185.927607  4.081579e+06  1.763026e-02  2.386649e-02
746  2020.3750  417.31  6.033829  12190.597975  4.081915e+06  1.772996e-02  2.450815e-02
747  2020.4583  416.60  6.032127  12187.660112  4.082252e+06  1.782995e-02  2.397789e-02
748  2020.5417  414.62  6.027362  12178.537147  4.082589e+06  1.793034e-02  2.252517e-02
749  2020.6250  412.78  6.022915  12170.052144  4.082925e+06  1.803088e-02  2.120990e-02
750  2020.7083  411.52  6.019858  12164.376261  4.083262e+06  1.813171e-02  2.032878e-02
751  2020.7917  411.51  6.019833  12164.829211  4.083599e+06  1.823295e-02  2.032186e-02
752  2020.8750  413.12  6.023738  12173.221748  4.083936e+06  1.833434e-02  2.145039e-02
753  2020.9583  414.26  6.026494  12179.292657  4.084272e+06  1.843601e-02  2.226518e-02
754  2021.0417  415.52  6.029531  12185.933073  4.084610e+06  1.853809e-02  2.318072e-02
755  2021.1250  416.75  6.032487  12192.409321  4.084946e+06  1.864032e-02  2.408951e-02
756  2021.2083  417.64  6.034620  12197.223662  4.085283e+06  1.874284e-02  2.475627e-02
757  2021.2917  419.05  6.037990  12204.539566  4.085620e+06  1.884576e-02  2.582824e-02
758  2021.3750  419.13  6.038181  12205.428390  4.085957e+06  1.894884e-02  2.588963e-02
759  2021.4583  418.94  6.037728  12205.014796  4.086294e+06  1.905220e-02  2.574393e-02
760  2021.5417  416.96  6.032990  12195.941455  4.086631e+06  1.915597e-02  2.424614e-02
761  2021.6250  414.47  6.027001  12184.335079  4.086968e+06  1.925989e-02  2.241668e-02
762  2021.7083  413.30  6.024174  12179.122013  4.087304e+06  1.936410e-02  2.157818e-02
763  2021.7917  413.93  6.025697  12182.703933  4.087642e+06  1.946871e-02  2.202799e-02
764  2021.8750  415.01  6.028303  12188.474352  4.087979e+06  1.957347e-02  2.280826e-02
765  2021.9583  416.71  6.032391  12197.242114  4.088315e+06  1.967852e-02  2.405972e-02
766  2022.0417  418.19  6.035936  12204.914037  4.088653e+06  1.978398e-02  2.517214e-02
767  2022.1250  419.28  6.038539  12210.680583  4.088990e+06  1.988959e-02  2.600491e-02
768  2022.2083  418.81  6.037417  12208.915489  4.089326e+06  1.999548e-02  2.564443e-02
769  2022.2917  420.23  6.040802  12216.264111  4.089664e+06  2.010178e-02  2.673997e-02
770  2022.3750  420.99  6.042609  12220.421539  4.090001e+06  2.020824e-02  2.733418e-02
771  2022.4583  420.99  6.042609  12220.924888  4.090338e+06  2.031497e-02  2.733418e-02
772  2022.5417  418.90  6.037632  12211.362950  4.090675e+06  2.042212e-02  2.571329e-02
773  2022.6250  417.19  6.033542  12203.592389  4.091012e+06  2.052941e-02  2.441818e-02
774  2022.7083  415.95  6.030565  12198.074002  4.091349e+06  2.063699e-02  2.349675e-02
775  2022.7917  415.78  6.030156  12197.750061  4.091686e+06  2.074498e-02  2.337159e-02
776  2022.8750  417.51  6.034308  12206.651799  4.092023e+06  2.085313e-02  2.465840e-02
777  2022.9583  418.95  6.037752  12214.119674  4.092360e+06  2.096155e-02  2.575159e-02
778  2023.0417  419.48  6.039016  12217.180889  4.092698e+06  2.107038e-02  2.615895e-02
779  2023.1250  420.30  6.040969  12221.634886  4.093035e+06  2.117937e-02  2.679447e-02
780  2023.2083  420.98  6.042585  12225.408786  4.093372e+06  2.128864e-02  2.732632e-02
781  2023.2917  423.36  6.048223  12237.319155  4.093709e+06  2.139832e-02  2.922196e-02
782  2023.3750  424.00  6.049733  12240.879430  4.094046e+06  2.150814e-02  2.974069e-02