             x       y             xy            x²        SQREG        SQTOT
0    1958.2027  315.70  618204.592390  3.834558e+06  2793.220275  1802.013343
1    1958.2877  317.45  621658.430365  3.834891e+06  2778.668194  1656.500396
2    1958.3699  317.51  621802.026949  3.835213e+06  2764.631623  1651.619981
3    1958.4548  317.24  621300.200752  3.835545e+06  2750.171310  1673.638550
4    1958.5370  315.86  618623.496820  3.835867e+06  2736.206993  1788.454902
5    1958.6219  314.93  616828.794967  3.836200e+06  2721.821308  1867.979440
6    1958.7068  313.20  613466.969760  3.836532e+06  2707.473538  2020.513981
7    1958.7890  312.43  611984.447270  3.836854e+06  2693.618185  2090.330078
8    1958.8740  313.33  613773.990420  3.837187e+06  2679.328253  2008.843848
9    1958.9562  314.67  616424.747454  3.837509e+06  2665.545197  1890.521506
10   1959.0411  315.58  618234.190338  3.837842e+06  2651.346726  1812.215774
11   1959.1260  316.48  620024.196480  3.838175e+06  2637.186171  1736.399544
12   1959.2027  316.65  620381.534955  3.838475e+06  2624.425903  1722.260600
13   1959.2877  317.72  622504.888044  3.838808e+06  2610.320947  1634.595227
14   1959.3699  318.29  623647.845471  3.839130e+06  2596.716773  1588.829781
15   1959.4548  318.15  623400.544620  3.839463e+06  2582.703060  1600.010217
16   1959.5370  316.54  620271.841980  3.839785e+06  2569.171140  1731.402728
17   1959.6219  314.80  616888.974120  3.840118e+06  2555.232054  1879.233573
18   1959.7068  313.84  615034.382112  3.840451e+06  2541.330884  1963.387418
19   1959.7890  313.33  614060.687370  3.840773e+06  2527.907928  2008.843848
20   1959.8740  314.81  616987.933940  3.841106e+06  2514.065122  1878.366670
21   1959.9562  315.58  618522.977596  3.841428e+06  2500.714463  1812.215774
22   1960.0410  316.43  620215.773630  3.841761e+06  2486.978767  1740.569056
23   1960.1257  316.98  621320.644386  3.842093e+06  2473.297029  1694.979416
24   1960.2049  317.58  622521.872142  3.842403e+06  2460.537857  1645.935263
25   1960.2896  319.03  625391.191088  3.842735e+06  2446.929144  1530.384392
26   1960.3716  320.04  627397.326864  3.843057e+06  2433.790192  1452.381834
27   1960.4563  319.59  626542.228917  3.843389e+06  2420.255752  1486.883449
28   1960.5383  318.18  623804.076294  3.843710e+06  2407.188705  1597.611109
29   1960.6230  315.90  619360.805700  3.844043e+06  2393.728537  1785.073292
30   1960.7077  314.17  615995.538109  3.844375e+06  2380.306108  1934.251634
31   1960.7896  313.83  615354.600168  3.844696e+06  2367.363283  1964.273721
32   1960.8743  315.00  617675.404500  3.845028e+06  2354.015082  1861.933522
33   1960.9563  316.19  620034.772497  3.845350e+06  2341.128337  1760.652318
34   1961.0411  316.89  621434.314179  3.845682e+06  2327.838759  1702.398139
35   1961.1260  317.70  623049.730200  3.846015e+06  2314.571404  1636.212832
36   1961.2027  318.54  624721.508058  3.846316e+06  2302.618065  1568.962218
37   1961.2877  319.48  626592.194396  3.846649e+06  2289.407361  1495.378777
38   1961.3699  320.58  628775.962542  3.846972e+06  2276.667981  1411.514496
39   1961.4548  319.77  627214.401396  3.847305e+06  2263.547467  1473.034203
40   1961.5370  318.57  624886.842090  3.847627e+06  2250.880341  1566.586510
41   1961.6219  316.79  621422.201701  3.847960e+06  2237.834454  1710.660165
42   1961.7068  314.99  617918.024932  3.848294e+06  2224.826484  1862.796624
43   1961.7890  315.31  618571.689590  3.848616e+06  2212.268322  1835.276543
44   1961.8740  316.10  620148.371400  3.848950e+06  2199.319767  1768.213241
45   1961.9562  317.01  621959.734962  3.849272e+06  2186.833901  1692.510108
46   1962.0411  317.94  623811.347334  3.849605e+06  2173.975229  1616.854371
47   1962.1260  318.55  625035.237300  3.849938e+06  2161.154473  1568.170115
48   1962.2027  319.68  627276.959136  3.850239e+06  2149.604600  1479.950726
49   1962.2877  320.57  629050.567989  3.850573e+06  2136.841022  1412.265999
50   1962.3699  321.02  629959.985298  3.850896e+06  2124.534038  1378.646384
51   1962.4548  320.62  629202.257976  3.851229e+06  2111.860125  1408.510486
52   1962.5370  319.61  627246.450570  3.851551e+06  2099.625395  1485.341444
53   1962.6219  317.40  622936.191060  3.851885e+06  2087.026108  1660.572909
54   1962.7068  316.25  620706.025500  3.852218e+06  2074.464738  1755.620702
55   1962.7890  315.42  619102.906380  3.852541e+06  2062.338972  1825.863814
56   1962.8740  316.69  621622.567060  3.852874e+06  2049.837543  1718.942190
57   1962.9562  317.70  623631.184740  3.853197e+06  2037.784074  1636.212832
58   1963.0411  318.74  625699.720214  3.853530e+06  2025.372002  1553.158166
59   1963.1260  319.07  626374.612820  3.853864e+06  2012.997846  1527.256382
60   1963.2027  319.86  627950.015622  3.854165e+06  2001.851438  1466.133880
61   1963.2877  321.38  630961.401026  3.854499e+06  1989.534985  1352.042292
62   1963.3699  322.25  632695.950275  3.854821e+06  1977.660399  1288.819170
63   1963.4548  321.48  631211.449104  3.855155e+06  1965.433085  1344.698267
64   1963.5370  319.74  627821.320380  3.855478e+06  1953.630752  1475.337911
65   1963.6219  317.77  623980.131163  3.855811e+06  1941.478065  1630.554714
66   1963.7068  316.21  620943.727228  3.856144e+06  1929.363294  1758.974313
67   1963.7890  315.99  620537.686110  3.856467e+06  1917.669925  1777.476369
68   1963.8740  317.07  622685.529180  3.856801e+06  1905.615622  1687.576893
69   1963.9562  318.35  625225.456270  3.857124e+06  1893.994550  1584.050166
70   1964.0410  319.57  627648.582370  3.857457e+06  1882.043148  1488.426254
71   1964.1257  320.01  628539.865257  3.857790e+06  1870.143601  1454.669342
72   1964.2049  320.74  629999.079626  3.858101e+06  1859.050893  1399.517656
73   1964.2896  321.84  632186.964864  3.858434e+06  1847.224371  1318.425375
74   1964.3716  322.26  633038.391816  3.858756e+06  1835.810798  1288.101267
75   1964.4563  321.89  632338.838407  3.859089e+06  1824.058548  1314.796862
76   1964.5383  320.44  629516.652852  3.859411e+06  1812.716880  1422.053732
77   1964.6230  318.69  626105.703870  3.859744e+06  1801.038903  1557.101679
78   1964.7077  316.70  622222.928590  3.860076e+06  1789.398665  1718.113088
79   1964.7896  316.87  622582.880552  3.860398e+06  1778.179114  1704.048944
80   1964.8743  317.68  624201.267624  3.860731e+06  1766.613104  1637.831237
81   1964.9563  318.71  626251.222373  3.861053e+06  1755.451738  1555.523674
82   1965.0411  319.44  627712.728984  3.861387e+06  1743.946455  1498.473988
83   1965.1260  320.44  629704.975440  3.861720e+06  1732.465498  1422.053732
84   1965.2027  320.89  630613.894403  3.862022e+06  1722.126021  1388.317117
85   1965.2877  322.14  633097.779678  3.862356e+06  1710.703819  1296.729298
86   1965.3699  322.17  633183.220683  3.862679e+06  1699.694027  1294.569590
87   1965.4548  321.87  632620.936476  3.863013e+06  1688.359912  1316.247667
88   1965.5370  321.21  631350.139770  3.863336e+06  1677.422373  1364.573036
89   1965.6219  318.87  626777.855253  3.863669e+06  1666.162885  1542.928433
90   1965.7068  317.81  624721.278108  3.864003e+06  1654.941314  1627.325904
91   1965.7890  317.30  623744.849700  3.864326e+06  1644.112739  1668.732934
92   1965.8740  318.87  626858.242380  3.864661e+06  1632.952687  1542.928433
93   1965.9562  319.42  627965.729404  3.864984e+06  1622.196409  1500.022793
94   1966.0411  320.62  630352.097482  3.865318e+06  1611.124135  1408.510486
95   1966.1260  321.60  632306.121600  3.865651e+06  1600.089778  1335.911836
96   1966.2027  322.39  633884.088453  3.865953e+06  1590.153766  1278.786734
97   1966.2877  323.70  636487.328490  3.866287e+06  1579.178690  1186.811300
98   1966.3699  324.08  637261.157192  3.866611e+06  1568.601294  1160.773602
99   1966.4548  323.75  636639.741500  3.866944e+06  1557.713779  1183.368787
100  1966.5370  322.38  633972.198060  3.867268e+06  1547.208637  1279.502037
101  1966.6219  320.36  630026.991884  3.867602e+06  1536.395749  1428.093753
102  1966.7068  318.64  626671.454752  3.867936e+06  1525.620777  1561.050192
103  1966.7890  318.10  625635.580900  3.868259e+06  1515.224599  1604.012730
104  1966.8740  319.78  628966.967720  3.868593e+06  1504.511673  1472.266701
105  1966.9562  321.03  631451.948886  3.868917e+06  1494.187792  1377.903881
106  1967.0411  322.33  634036.357763  3.869251e+06  1483.562118  1283.081549
107  1967.1260  322.50  634398.135000  3.869585e+06  1472.974361  1270.931606
108  1967.2027  323.04  635485.160208  3.869886e+06  1463.441814  1232.721068
109  1967.2877  324.42  638227.475634  3.870221e+06  1452.913864  1137.721516
110  1967.3699  325.00  639395.217500  3.870544e+06  1442.768865  1098.930967
111  1967.4548  324.09  637632.426132  3.870878e+06  1432.327949  1160.092300
112  1967.5370  322.54  634609.383980  3.871202e+06  1422.255204  1268.081196
113  1967.6219  320.92  631449.220148  3.871536e+06  1411.888916  1386.082410
114  1967.7068  319.25  628190.395900  3.871870e+06  1401.560544  1513.219936
115  1967.7890  319.39  628492.128710  3.872194e+06  1391.596762  1502.347500
116  1967.8740  320.73  631156.228020  3.872528e+06  1381.330962  1400.265958
117  1967.9562  321.96  633603.178152  3.872852e+06  1371.439477  1309.725344
118  1968.0410  322.57  634830.985370  3.873185e+06  1361.272371  1265.945488
119  1968.1257  323.15  635999.819955  3.873519e+06  1351.155014  1225.008940
120  1968.2049  323.89  637481.885061  3.873831e+06  1341.728769  1173.756351
121  1968.2896  325.02  639733.485792  3.874164e+06  1331.684438  1097.605362
122  1968.3716  325.57  640842.741812  3.874487e+06  1321.996244  1061.464722
123  1968.4563  325.36  640456.941768  3.874820e+06  1312.026185  1075.192475
124  1968.5383  324.14  638082.004562  3.875143e+06  1302.409896  1156.688787
125  1968.6230  322.11  634113.154530  3.875477e+06  1292.514110  1298.890806
126  1968.7077  320.33  630636.137541  3.875810e+06  1282.656062  1430.362060
127  1968.7896  320.25  630504.869400  3.876132e+06  1273.159786  1436.419681
128  1968.8743  321.32  632638.690076  3.876466e+06  1263.375966  1356.458307
129  1968.9563  322.89  635756.299707  3.876789e+06  1253.939980  1243.276606
130  1969.0411  324.00  637969.316400  3.877123e+06  1244.218991  1166.231223
131  1969.1260  324.42  638823.856920  3.877457e+06  1234.524433  1137.721516
132  1969.2027  325.63  641231.475201  3.877759e+06  1225.798817  1057.558707
133  1969.2877  326.66  643287.520082  3.878094e+06  1216.165118   991.628143
134  1969.3699  327.38  644732.317862  3.878418e+06  1206.884913   946.800760
135  1969.4548  326.71  643440.577708  3.878752e+06  1197.337197   988.481631
136  1969.5370  325.88  641832.717560  3.879076e+06  1188.129246  1041.361143
137  1969.6219  323.66  637487.824154  3.879410e+06  1178.656156  1189.568910
138  1969.7068  322.38  634994.078184  3.879745e+06  1169.220984  1279.502037
139  1969.7890  321.78  633838.704420  3.880069e+06  1160.121996  1322.786190
140  1969.8740  322.86  635993.519640  3.880404e+06  1150.750447  1245.393114
141  1969.9562  324.12  638502.203544  3.880727e+06  1141.723756  1158.049592
142  1970.0411  325.06  640381.559966  3.881062e+06  1132.437882  1094.956552
143  1970.1260  325.98  642221.673480  3.881396e+06  1123.189924  1034.917117
144  1970.2027  326.93  644118.368711  3.881699e+06  1114.867772   974.696374
145  1970.2877  328.13  646510.503001  3.882034e+06  1105.681199   901.208068
146  1970.3699  328.08  646438.956792  3.882358e+06  1096.833391   904.212581
147  1970.4548  327.67  645658.924316  3.882692e+06  1087.732275   929.038185
148  1970.5370  326.34  643065.044580  3.883016e+06  1078.956720  1011.884225
149  1970.6219  324.69  639841.224711  3.883351e+06  1069.930231  1119.580147
150  1970.7068  323.10  636735.367080  3.883685e+06  1060.941657  1228.511453
151  1970.7890  323.06  636683.094340  3.884009e+06  1052.275067  1231.317063
152  1970.8740  324.01  638582.884740  3.884344e+06  1043.350643  1165.548320
153  1970.9562  325.13  640816.989306  3.884668e+06  1034.756350  1090.328834
154  1971.0411  326.17  642894.475587  3.885003e+06  1025.917075  1022.728569
155  1971.1260  326.68  643927.441680  3.885338e+06  1017.115716   990.368938
156  1971.2027  327.17  644918.387359  3.885640e+06  1009.197030   959.768313
157  1971.2877  327.79  646168.395183  3.885975e+06  1000.457583   921.737355
158  1971.3699  328.93  648442.701207  3.886299e+06   992.042171   853.815864
159  1971.4548  328.57  647760.903636  3.886634e+06   983.387655   874.983956
160  1971.5370  327.36  645402.352320  3.886958e+06   975.044497   948.031965
161  1971.6219  325.43  641624.914917  3.887293e+06   966.464607  1070.606758
162  1971.7068  323.36  637571.110848  3.887628e+06   957.922634  1210.352986
163  1971.7890  323.56  637992.048840  3.887952e+06   949.688440  1196.476935
164  1971.8740  324.80  640464.675200  3.888287e+06   941.211142  1112.231019
165  1971.9562  326.01  642877.440762  3.888611e+06   933.049245  1032.987809
166  1972.0410  326.77  644403.837570  3.888946e+06   924.666433   984.712415
167  1972.1257  327.63  646127.543091  3.889280e+06   916.331267   931.478196
168  1972.2049  327.75  646390.155975  3.889592e+06   908.571486   924.167765
169  1972.2896  329.72  650303.326912  3.889926e+06   900.309345   808.272162
170  1972.3716  330.07  651020.694012  3.890250e+06   892.346531   788.493572
171  1972.4563  329.09  649115.643767  3.890584e+06   884.158662   844.491023
172  1972.5383  328.04  647071.463932  3.890907e+06   876.267753   906.619791
173  1972.6230  326.32  643706.337360  3.891242e+06   868.154157  1013.157030
174  1972.7077  324.84  640814.369268  3.891576e+06   860.078299  1109.564608
175  1972.7896  325.20  641551.177920  3.891899e+06   852.305299  1085.710916
176  1972.8743  326.50  644143.458950  3.892233e+06   844.303669  1001.730584
177  1972.9563  327.55  646241.836065  3.892557e+06   836.593062   936.367816
178  1973.0411  328.55  648242.653405  3.892891e+06   828.656368   876.167561
179  1973.1260  329.56  650263.404560  3.893226e+06   820.748209   817.395403
180  1973.2027  330.30  651748.851810  3.893529e+06   813.636453   775.629614
181  1973.2877  331.50  654144.872550  3.893864e+06   805.791257   710.229307
182  1973.3699  332.48  656106.024352  3.894189e+06   798.240640   658.955457
183  1973.4548  332.07  655325.135436  3.894524e+06   790.479323   680.173062
184  1973.5370  330.87  652984.187190  3.894848e+06   783.000958   744.205368
185  1973.6219  329.31  649933.427889  3.895183e+06   775.314268   831.752967
186  1973.7068  327.51  646408.714068  3.895519e+06   767.665494   938.817426
187  1973.7890  327.18  645784.285020  3.895843e+06   760.296094   959.148811
188  1973.8740  328.16  647746.491840  3.896179e+06   752.713048   899.407760
189  1973.9562  328.64  648720.965568  3.896503e+06   745.415945   870.847638
190  1974.0411  329.35  650150.436285  3.896838e+06   737.916469   829.447356
191  1974.1260  330.71  652863.209460  3.897173e+06   730.454909   752.960609
192  1974.2027  331.48  654408.710996  3.897476e+06   723.746619   711.295712
193  1974.2877  332.65  656746.803405  3.897812e+06   716.348548   650.256513
194  1974.3750  333.19  657842.006250  3.898157e+06   708.789857   623.007975
195  1974.4583  332.20  655915.047260  3.898486e+06   701.614875   673.409128
196  1974.5417  331.07  653711.520619  3.898815e+06   694.467846   733.333317
197  1974.6250  329.15  649947.818750  3.899144e+06   687.365908   841.007407
198  1974.7083  327.33  646381.267839  3.899473e+06   680.300472   949.880272
199  1974.7917  327.28  646309.827576  3.899802e+06   673.263120   952.964785
200  1974.8750  328.31  648371.211250  3.900131e+06   666.270729   890.433222
201  1974.9583  329.58  650906.756514  3.900460e+06   659.314838   816.252198
202  1975.0417  330.73  653205.541441  3.900790e+06   652.387163   751.863404
203  1975.1250  331.46  654674.932500  3.901119e+06   645.504317   712.362917
204  1975.2083  331.94  655650.643102  3.901448e+06   638.657973   686.970795
205  1975.2917  333.11  657989.418187  3.901777e+06   631.839975   627.007996
206  1975.3750  333.95  659676.481250  3.902106e+06   625.066675   585.646181
207  1975.4583  333.42  658657.306386  3.902435e+06   618.329876   611.579217
208  1975.5417  331.97  655820.578149  3.902765e+06   611.621556   685.399087
209  1975.6250  329.95  651857.468750  3.903094e+06   604.957802   795.247203
210  1975.7083  328.50  649020.176550  3.903423e+06   598.330549   879.130073
211  1975.7917  328.36  648770.962612  3.903753e+06   591.731906   887.451709
212  1975.8750  329.38  650813.707500  3.904082e+06   585.177698   827.720249
213  1975.9583  330.78  653607.486474  3.904411e+06   578.659990   749.123891
214  1976.0417  331.56  655176.386052  3.904741e+06   572.171025   707.034892
215  1976.1250  332.74  657535.832500  3.905070e+06   565.726362   645.674590
216  1976.2083  333.36  658788.798888  3.905399e+06   559.318201   614.550432
217  1976.2917  334.74  661543.883658  3.905729e+06   552.938913   548.034080
218  1976.3750  334.72  661532.240000  3.906058e+06   546.603796   548.970885
219  1976.4583  333.98  660097.543034  3.906387e+06   540.305180   584.195074
220  1976.5417  333.08  658346.509436  3.906717e+06   534.035569   628.511304
221  1976.6250  330.68  653630.355000  3.907046e+06   527.809998   754.607917
222  1976.7083  328.96  650257.962368  3.907376e+06   521.620928   852.063556
223  1976.7917  328.72  649810.967624  3.907705e+06   515.460995   866.132417
224  1976.8750  330.16  652685.050000  3.908035e+06   509.344970   783.447249
225  1976.9583  331.62  655598.911446  3.908364e+06   503.265445   703.847677
226  1977.0417  332.68  657722.232756  3.908694e+06   497.215189   648.727406
227  1977.1250  333.17  658718.736250  3.909023e+06   491.208710   624.006781
228  1977.2083  334.96  662285.692168  3.909353e+06   485.238731   537.782023
229  1977.2917  336.14  664646.832038  3.909682e+06   479.298152   484.445722
230  1977.3750  336.93  666236.958750  3.910012e+06   473.401219   450.293820
231  1977.4583  336.17  664762.156711  3.910341e+06   467.540786   483.126014
232  1977.5417  334.89  662258.939913  3.910671e+06   461.709885   541.033541
233  1977.6250  332.56  657678.970000  3.911001e+06   455.922497   654.854636
234  1977.7083  331.29  655194.982707  3.911330e+06   450.171610   721.466461
235  1977.7917  331.28  655202.834376  3.911660e+06   444.450386   722.003763
236  1977.8750  332.46  657564.322500  3.911990e+06   438.772544   659.982662
237  1977.9583  333.60  659846.888880  3.912319e+06   433.131203   602.708771
238  1978.0417  334.94  662525.286998  3.912649e+06   427.519656   538.710028
239  1978.1250  335.26  663186.187500  3.912979e+06   421.951360   523.957947
240  1978.2083  336.66  665983.606278  3.913308e+06   416.419565   461.825589
241  1978.2917  337.69  668049.324173  3.913638e+06   410.917695   418.616826
242  1978.3750  338.02  668730.317500  3.913968e+06   405.458945   405.222042
243  1978.4583  338.01  668738.689983  3.914297e+06   400.036695   405.624744
244  1978.5417  336.50  665779.282050  3.914627e+06   394.644503   468.728030
245  1978.6250  334.42  661691.772500  3.914957e+06   389.295298   563.118961
246  1978.7083  332.36  657643.490588  3.915287e+06   383.982595   665.130688
247  1978.7917  332.45  657849.300665  3.915617e+06   378.700080   660.496565
248  1978.8750  333.76  660469.320000  3.915946e+06   373.460421   594.878330
249  1978.9583  334.91  662772.924253  3.916276e+06   368.257263   540.103536
250  1979.0417  336.14  665235.077038  3.916606e+06   363.084425   484.445722
251  1979.1250  336.69  666351.596250  3.916936e+06   357.954312   460.537081
252  1979.2083  338.27  669506.791641  3.917265e+06   352.860700   395.219478
253  1979.2917  338.82  670623.613794  3.917596e+06   347.797540   373.653837
254  1979.3750  339.24  671483.175000  3.917925e+06   342.776973   357.592930
255  1979.4583  339.26  671551.022858  3.918255e+06   337.792907   356.836925
256  1979.5417  337.54  668174.505418  3.918585e+06   332.839423   424.777364
257  1979.6250  335.72  664599.705000  3.918915e+06   327.928402   503.110629
258  1979.7083  333.97  661163.180951  3.919245e+06   323.053882   584.678576
259  1979.7917  334.24  661725.577808  3.919575e+06   318.210076   571.694207
260  1979.8750  335.32  663891.685000  3.919905e+06   313.408600   521.214731
261  1979.9583  336.81  666869.755023  3.920235e+06   308.643626   455.401051
262  1980.0417  337.90  669056.090430  3.920565e+06   303.909497   410.067672
263  1980.1250  338.34  669955.492500  3.920895e+06   299.217568   392.441160
264  1980.2083  340.07  673409.436581  3.921225e+06   294.562139   326.891018
265  1980.2917  340.93  675140.849281  3.921555e+06   289.937687   296.532798
266  1980.3750  341.45  676199.043750  3.921885e+06   285.355304   278.894266
267  1980.4583  341.36  676049.245288  3.922215e+06   280.809420   281.908389
268  1980.5417  339.45  672294.880065  3.922545e+06   276.294647   349.694777
269  1980.6250  337.67  668797.643750  3.922875e+06   271.821809   419.435631
270  1980.7083  336.25  666013.165875  3.923205e+06   267.385471   479.615594
271  1980.7917  336.14  665823.322038  3.923536e+06   262.980375   484.445722
272  1980.8750  337.30  668149.137500  3.923866e+06   258.617082   434.727826
273  1980.9583  338.29  670138.383307  3.924196e+06   254.290291   394.424673
274  1981.0417  339.29  672147.638393  3.924526e+06   249.994872   355.704417
275  1981.1250  340.55  674672.118750  3.924856e+06   245.741125   309.764496
276  1981.2083  341.63  676840.191529  3.925186e+06   241.523879   272.914620
277  1981.2917  342.60  678790.536420  3.925517e+06   237.338137   241.806472
278  1981.3750  343.04  679690.880000  3.925847e+06   233.193937   228.315960
279  1981.4583  342.54  678728.726082  3.926177e+06   229.086237   243.676087
280  1981.5417  340.82  675349.042194  3.926508e+06   225.010172   300.333327
281  1981.6250  338.48  670740.430000  3.926838e+06   220.975517   386.913924
282  1981.7083  336.95  667736.611685  3.927168e+06   216.977363   449.445415
283  1981.7917  337.05  667962.892485  3.927498e+06   213.010976   445.215390
284  1981.8750  338.57  671003.418750  3.927829e+06   209.085867   383.381401
285  1981.9583  339.91  673687.445753  3.928159e+06   205.197259   332.702259
286  1982.0417  340.93  675737.476781  3.928489e+06   201.340548   296.532798
287  1982.1250  341.76  677411.040000  3.928820e+06   197.524985   268.636286
288  1982.2083  342.78  679461.361074  3.929150e+06   193.745923   236.240826
289  1982.2917  343.96  681829.053132  3.929480e+06   189.998890   201.359725
290  1982.3750  344.77  683463.428750  3.929811e+06   186.292873   179.027818
291  1982.4583  343.88  681727.760204  3.930141e+06   182.623356   203.636545
292  1982.5417  342.42  678861.928914  3.930472e+06   178.986000   247.436918
293  1982.6250  340.24  674568.330000  3.930802e+06   175.389529   320.772675
294  1982.7083  338.38  670908.834554  3.931132e+06   171.829558   390.857950
295  1982.7917  338.41  670996.539197  3.931463e+06   168.301880   389.672642
296  1982.8750  339.44  673067.090000  3.931793e+06   164.814954   350.068879
297  1982.9583  340.78  675752.529474  3.932124e+06   161.364529   301.721337
298  1983.0417  341.57  677347.553469  3.932454e+06   157.946528   274.900635
299  1983.1250  342.79  679795.418750  3.932785e+06   154.569148   235.933523
300  1983.2083  343.37  680974.233971  3.933115e+06   151.228269   218.452175
301  1983.2917  345.39  685009.120263  3.933446e+06   147.919945   162.820859
302  1983.3750  346.14  686525.422500  3.933776e+06   144.652111   144.243168
303  1983.4583  345.76  685800.541808  3.934107e+06   141.420777   153.515265
304  1983.5417  344.32  682973.078144  3.934438e+06   138.222131   191.272433
305  1983.6250  342.51  679411.398750  3.934768e+06   135.063843   244.613595
306  1983.7083  340.46  675373.327818  3.935099e+06   131.942055   312.940619
307  1983.7917  340.53  675540.587601  3.935430e+06   128.853086   310.468901
308  1983.8750  341.79  678068.636250  3.935760e+06   125.804343   267.653779
309  1983.9583  343.20  680894.488560  3.936091e+06   122.792102   223.506319
310  1984.0417  344.21  682926.993557  3.936421e+06   119.812810   194.327161
311  1984.1250  344.92  684364.395000  3.936752e+06   116.873613   175.036279
312  1984.2083  345.68  685901.125144  3.937083e+06   113.970917   155.504085
313  1984.2917  347.38  689303.250746  3.937414e+06   111.101303   115.995651
314  1984.3750  347.78  690125.937500  3.937744e+06   108.271652   107.539549
315  1984.4583  347.16  688924.543428  3.938075e+06   105.478501   120.782907
316  1984.5417  345.79  686234.674443  3.938406e+06   102.718564   152.772757
317  1984.6250  343.74  682194.997500  3.938736e+06    99.998459   207.651781
318  1984.7083  341.59  677956.508197  3.939067e+06    97.314855   274.237830
319  1984.7917  341.86  678520.890562  3.939398e+06    94.664595   265.368261
320  1984.8750  343.31  681427.436250  3.939729e+06    92.054035   220.229391
321  1984.9583  345.00  684810.613500  3.940059e+06    89.479977   172.925859
322  1985.0417  345.48  685792.206516  3.940391e+06    86.939394   160.532136
323  1985.1250  346.41  687667.151250  3.940721e+06    84.438381   137.830599
324  1985.2083  347.91  690673.819653  3.941052e+06    81.973868   104.860216
325  1985.2917  348.66  692191.804122  3.941383e+06    79.542963    90.062524
326  1985.3750  349.28  693451.780000  3.941714e+06    77.151495    78.679166
327  1985.4583  348.65  692230.036295  3.942045e+06    74.796528    90.252427
328  1985.5417  346.90  688784.415730  3.942376e+06    72.475300   126.565374
329  1985.6250  345.26  685556.887500  3.942707e+06    70.193378   166.155392
330  1985.7083  343.47  682031.229801  3.943037e+06    67.947957   215.506150
331  1985.7917  343.35  681821.580195  3.943369e+06    65.736406   219.043780
332  1985.8750  344.73  684590.688750  3.943700e+06    63.564030   180.099828
333  1985.9583  346.12  687379.886796  3.944030e+06    61.428155   144.723973
334  1986.0417  346.78  688719.540726  3.944362e+06    59.326281   129.279804
335  1986.1250  347.48  690138.715000  3.944693e+06    57.263451   113.851625
336  1986.2083  348.25  691697.040475  3.945023e+06    55.237121    98.012529
337  1986.2917  349.86  694924.014162  3.945355e+06    53.244925    68.726218
338  1986.3750  350.52  696264.165000  3.945686e+06    51.291641    58.218849
339  1986.4583  349.98  695220.675834  3.946017e+06    49.374857    66.750987
340  1986.5417  348.25  691813.147025  3.946348e+06    47.492338    98.012529
341  1986.6250  346.17  687709.976250  3.946679e+06    45.648600   143.523460
342  1986.7083  345.48  686367.983484  3.947010e+06    43.841361   160.532136
343  1986.7917  344.82  685085.513994  3.947341e+06    42.068520   177.692305
344  1986.8750  346.22  687895.862500  3.947672e+06    40.334327   142.327947
345  1986.9583  347.49  690448.139667  3.948003e+06    38.636635   113.638323
346  1987.0417  348.73  692941.052041  3.948335e+06    36.973471    88.738806
347  1987.1250  348.92  693347.655000  3.948666e+06    35.348824    85.195258
348  1987.2083  349.81  695145.335423  3.948997e+06    33.760677    69.557730
349  1987.2917  351.40  698334.303380  3.949328e+06    32.207191    45.564224
350  1987.3750  352.15  699854.106250  3.949659e+06    30.692089    36.001533
351  1987.4583  351.58  698750.589114  3.949990e+06    29.213489    43.166578
352  1987.5417  350.21  696056.978757  3.950322e+06    27.769679    63.045628
353  1987.6250  348.20  692091.025000  3.950653e+06    26.364124    99.005042
354  1987.7083  346.66  689058.959278  3.950984e+06    24.995069   132.023035
355  1987.7917  346.72  689207.138224  3.951316e+06    23.660937   130.647820
356  1987.8750  348.08  691939.530000  3.951647e+06    22.364927   101.407472
357  1987.9583  349.28  694354.075024  3.951978e+06    21.105418    78.679166
358  1988.0417  350.51  696828.496267  3.952310e+06    19.880963    58.371551
359  1988.1250  351.70  699223.562500  3.952641e+06    18.694499    41.604148
360  1988.2083  352.50  700843.425750  3.952972e+06    17.544536    31.923943
361  1988.2917  353.67  703199.125539  3.953304e+06    16.429758    20.071544
362  1988.3750  354.35  704580.681250  3.953635e+06    15.352840    14.440971
363  1988.4583  353.88  703675.623204  3.953966e+06    14.312423    18.233991
364  1988.5417  352.80  701557.511760  3.954298e+06    13.307323    28.623867
365  1988.6250  350.49  696993.176250  3.954629e+06    12.339950    58.677557
366  1988.7083  348.97  693999.535451  3.954961e+06    11.409078    84.274745
367  1988.7917  349.37  694824.156229  3.955292e+06    10.513656    77.090643
368  1988.8750  350.42  696941.577500  3.955624e+06     9.655829    59.754874
369  1988.9583  351.62  699357.517446  3.955955e+06     8.834503    42.642568
370  1989.0417  353.07  702270.953019  3.956287e+06     8.048758    25.807698
371  1989.1250  353.43  703016.448750  3.956618e+06     7.300477    22.279606
372  1989.2083  354.08  704338.874864  3.956950e+06     6.588697    16.565940
373  1989.2917  355.72  707630.843524  3.957281e+06     5.912629     5.905521
374  1989.3750  355.95  708118.031250  3.957613e+06     5.273894     4.840562
375  1989.4583  355.44  707133.058152  3.957944e+06     4.671659     7.344792
376  1989.5417  354.05  704397.238885  3.958276e+06     4.105268    16.811047
377  1989.6250  351.84  700029.660000  3.958608e+06     3.576079    39.817712
378  1989.7083  350.09  696576.978747  3.958939e+06     3.083391    64.965659
379  1989.7917  350.33  697083.726261  3.959271e+06     2.626677    61.154397
380  1989.8750  351.55  699540.556250  3.959603e+06     2.207034    43.561686
381  1989.9583  352.91  702276.183653  3.959934e+06     1.823891    27.458938
382  1990.0417  353.86  704196.155962  3.960266e+06     1.476855    18.405196
383  1990.1250  355.10  706693.387500  3.960598e+06     1.166757     9.303279
384  1990.2083  355.75  708016.602725  3.960929e+06     0.893160     5.760613
385  1990.2917  356.38  709300.156046  3.961261e+06     0.655801     3.133352
386  1990.3750  357.38  711320.217500  3.961593e+06     0.455250     0.593097
387  1990.4583  356.39  709379.433537  3.961924e+06     0.291198     3.098050
388  1990.5417  354.89  706423.343913  3.962256e+06     0.163517    10.628433
389  1990.6250  353.06  702810.062500  3.962588e+06     0.072511    25.909400
390  1990.7083  351.38  699495.082454  3.962920e+06     0.018005    45.834629
391  1990.7917  351.69  700141.532973  3.963252e+06     0.000001    41.733250
392  1990.8750  353.14  703057.597500  3.963583e+06     0.018541    25.101380
393  1990.9583  354.41  705615.531103  3.963915e+06     0.073581    13.988555
394  1991.0417  354.93  706680.430581  3.964247e+06     0.165254    10.369222
395  1991.1250  355.82  708482.097500  3.964579e+06     0.293340     5.429495
396  1991.2083  357.33  711518.461839  3.964910e+06     0.457926     0.672609
397  1991.2917  358.77  714415.723209  3.965243e+06     0.659277     0.384242
398  1991.3750  359.23  715361.641250  3.965574e+06     0.896908     1.166124
399  1991.4583  358.23  713400.106809  3.965906e+06     1.171040     0.006380
400  1991.5417  356.30  709586.307710  3.966238e+06     1.482068     3.422973
401  1991.6250  353.97  704975.501250  3.966570e+06     1.829245    17.473468
402  1991.7083  352.34  701758.502422  3.966902e+06     2.212923    33.757584
403  1991.7917  352.43  701967.148831  3.967234e+06     2.633628    32.719861
404  1991.8750  353.89  704904.643750  3.967566e+06     3.090351    18.148688
405  1991.9583  355.21  707563.507743  3.967898e+06     3.583574     8.644351
406  1992.0417  356.34  709844.139378  3.968230e+06     4.113957     3.276562
407  1992.1250  357.21  711606.971250  3.968562e+06     4.680225     0.883840
408  1992.2083  357.97  713150.805151  3.968894e+06     5.282995     0.032446
409  1992.2917  359.22  715671.024474  3.969226e+06     5.923054     1.144627
410  1992.3750  359.71  716677.211250  3.969558e+06     6.598869     2.433202
411  1992.4583  359.44  716169.211352  3.969890e+06     7.311184     1.663771
412  1992.5417  357.15  711636.268155  3.970222e+06     8.060921     1.000255
413  1992.6250  354.99  707361.948750  3.970554e+06     8.846282     9.986407
414  1992.7083  353.01  703445.956983  3.970886e+06     9.668143    26.420913
415  1992.7917  353.41  704272.514697  3.971219e+06    10.527557    22.468811
416  1992.8750  354.42  706314.757500  3.971551e+06    11.422463    13.913853
417  1992.9583  355.68  708855.408144  3.971883e+06    12.353870     6.101531
418  1993.0417  357.10  711715.191070  3.972215e+06    13.322961     1.102768
419  1993.1250  357.42  712382.737500  3.972547e+06    14.327413     0.533086
420  1993.2083  358.59  714744.564297  3.972879e+06    15.368366     0.193488
421  1993.2917  359.39  716369.104063  3.973212e+06    16.447135     1.537283
422  1993.3750  360.30  718213.012500  3.973544e+06    17.561133     4.621951
423  1993.4583  359.64  716927.343012  3.973876e+06    18.711631     2.219719
424  1993.5417  357.46  712611.416082  3.974209e+06    19.900077     0.476276
425  1993.6250  355.76  709252.030000  3.974541e+06    21.123621     5.712710
426  1993.7083  354.14  706051.857362  3.974873e+06    22.383665    16.081124
427  1993.7917  354.23  706260.833891  3.975205e+06    23.681788    15.367401
428  1993.8750  355.53  708882.378750  3.975538e+06    25.014878     6.865069
429  1993.9583  357.03  711902.931849  3.975870e+06    26.384468     1.254686
430  1994.0417  358.36  714584.783612  3.976202e+06    27.792269     0.044046
431  1994.1250  359.04  715970.640000  3.976535e+06    29.234904     0.791873
432  1994.2083  360.11  718134.350913  3.976867e+06    30.714040     3.841099
433  1994.2917  361.36  720657.248712  3.977199e+06    32.231518    10.303280
434  1994.3750  361.78  721524.987500  3.977532e+06    33.783699    13.175973
435  1994.4583  360.94  719879.778802  3.977864e+06    35.372380     7.783387
436  1994.5417  359.51  717057.686567  3.978197e+06    36.999536     1.849253
437  1994.6250  357.59  713257.953750  3.978529e+06    38.661262     0.313743
438  1994.7083  355.86  709836.895638  3.978861e+06    40.359490     5.244685
439  1994.7917  356.21  710564.751457  3.979194e+06    42.096323     3.764096
440  1994.8750  357.65  713467.043750  3.979526e+06    43.867595     0.250128
441  1994.9583  359.10  716389.525530  3.979859e+06    45.675368     0.902257
442  1995.0417  360.04  718294.813668  3.980191e+06    47.521878     3.571617
443  1995.1250  361.00  720240.125000  3.980524e+06    49.402697     8.121772
444  1995.2083  361.98  722225.500434  3.980856e+06    51.320016    14.667922
445  1995.2917  363.44  725168.815448  3.981189e+06    53.276203    27.982749
446  1995.3750  363.83  725977.286250  3.981521e+06    55.266567    32.260949
447  1995.4583  363.33  725009.864139  3.981854e+06    57.293432    26.831077
448  1995.5417  361.78  721947.076226  3.982187e+06    59.359297    13.175973
449  1995.6250  359.33  717087.931250  3.982519e+06    61.459207     1.392099
450  1995.7083  358.32  715102.198056  3.982852e+06    63.595617     0.028857
451  1995.7917  358.14  714772.839438  3.983185e+06    65.771159     0.000103
452  1995.8750  359.61  717736.608750  3.983517e+06    67.980615     2.131227
453  1995.9583  360.82  720181.673806  3.983850e+06    70.226571     7.128218
454  1996.0417  362.20  722966.303740  3.984182e+06    72.511791    16.401466
455  1996.1250  363.36  725311.980000  3.984515e+06    74.830792    27.142769
456  1996.2083  364.28  727178.759524  3.984848e+06    77.186295    37.575334
457  1996.2917  364.69  728027.620073  3.985181e+06    79.581191    42.769930
458  1996.3750  365.25  729175.968750  3.985513e+06    82.009738    50.408186
459  1996.4583  365.06  728827.066998  3.985846e+06    84.474786    47.746335
460  1996.5417  363.69  726122.250873  3.986179e+06    86.979360    30.690185
461  1996.6250  361.55  721879.768750  3.986511e+06    89.517453    11.559132
462  1996.7083  359.69  718196.008427  3.986844e+06    92.092047     2.371207
463  1996.7917  359.72  718285.910324  3.987177e+06    94.706298     2.464499
464  1996.8750  361.04  720951.750000  3.987510e+06    97.353937     8.351362
465  1996.9583  362.39  723677.718337  3.987842e+06   100.038077    17.976517
466  1997.0417  363.24  725405.427108  3.988176e+06   102.762005    25.906800
467  1997.1250  364.21  727372.896250  3.988508e+06   105.519190    36.722052
468  1997.2083  364.65  728282.006595  3.988841e+06   108.312876    42.248340
469  1997.2917  366.48  731967.462216  3.989174e+06   111.146481    69.386772
470  1997.3750  366.77  732577.228750  3.989507e+06   114.013212    74.302198
471  1997.4583  365.73  730530.424059  3.989840e+06   116.916443    57.454464
472  1997.5417  364.46  728024.047982  3.990173e+06   119.859726    39.814488
473  1997.6250  362.40  723939.300000  3.990506e+06   122.836003    18.061414
474  1997.7083  360.44  720053.979652  3.990838e+06   125.848780     5.243515
475  1997.7917  360.98  721162.847866  3.991172e+06   128.901740     8.008177
476  1997.8750  362.65  724529.368750  3.991505e+06   131.987562    20.248851
477  1997.9583  364.51  728275.779933  3.991837e+06   135.109885    40.447975
478  1998.0417  365.39  730064.456763  3.992171e+06   138.272523    52.415751
479  1998.1250  366.10  731513.562500  3.992504e+06   141.467891    63.200469
480  1998.2083  367.36  734061.801088  3.992836e+06   144.699759    84.821748
481  1998.2917  368.79  736949.996043  3.993170e+06   147.972074   113.206882
482  1998.3750  369.56  738519.465000  3.993503e+06   151.276988   130.185186
483  1998.4583  369.13  737690.912279  3.993836e+06   154.618403   120.557595
484  1998.5417  367.98  735423.374766  3.994169e+06   158.000395    96.626389
485  1998.6250  366.10  731696.612500  3.994502e+06   161.414855    63.200469
486  1998.7083  364.16  727849.614528  3.994835e+06   164.865815    36.118565
487  1998.7917  364.54  728639.526318  3.995168e+06   168.357484    40.830468
488  1998.8750  365.67  730928.621250  3.995501e+06   171.881490    56.548479
489  1998.9583  367.30  734217.383590  3.995834e+06   175.441996    83.720163
490  1999.0417  368.35  736347.010195  3.996168e+06   179.043343   104.037395
491  1999.1250  369.28  738236.880000  3.996501e+06   182.676894   123.874057
492  1999.2083  369.84  739387.197672  3.996834e+06   186.346946   136.653114
493  1999.2917  371.15  742037.114455  3.997167e+06   190.057970   168.996679
494  1999.3750  371.12  742008.050000  3.997500e+06   193.801067   168.217587
495  1999.4583  370.46  740719.321818  3.997833e+06   197.580665   151.532956
496  1999.5417  369.61  739050.607737  3.998167e+06   201.401366   131.328673
497  1999.6250  367.06  733982.352500  3.998500e+06   205.254009    79.385824
498  1999.7083  364.95  729793.544085  3.998833e+06   209.143152    46.238263
499  1999.7917  365.52  730963.862184  3.999167e+06   213.073531    54.315018
500  1999.8750  366.88  733714.140000  3.999500e+06   217.035720    76.210670
501  1999.9583  368.26  736504.643558  3.999833e+06   221.034409   102.209518
502  2000.0417  369.45  738915.406065  4.000167e+06   225.074465   127.687114
503  2000.1250  369.71  739466.213750  4.000500e+06   229.146199   133.630647
504  2000.2083  370.75  741577.227225  4.000833e+06   233.254435   158.756782
505  2000.2917  371.98  744068.506566  4.001167e+06   237.404168   191.265367
506  2000.3750  371.75  743639.406250  4.001500e+06   241.585448   184.956526
507  2000.4583  371.87  743910.428021  4.001833e+06   245.803229   188.234896
508  2000.5417  370.02  740240.439834  4.002167e+06   250.062640   140.893868
509  2000.6250  368.27  736770.168750  4.002500e+06   254.353466   102.411815
510  2000.7083  367.15  734560.052345  4.002834e+06   258.680792    80.997701
511  2000.7917  367.18  734650.696406  4.003167e+06   263.049880    81.538594
512  2000.8750  368.53  737382.463750  4.003501e+06   267.450252   107.741749
513  2000.9583  369.83  740014.408089  4.003834e+06   271.887125   136.419417
514  2001.0417  370.76  741906.220692  4.004168e+06   276.365890   159.008879
515  2001.1250  371.69  743798.151250  4.004501e+06   280.875808   183.328142
516  2001.2083  372.63  745710.248829  4.004835e+06   285.422226   209.666701
517  2001.2917  373.55  747582.514535  4.005168e+06   290.010668   237.156066
518  2001.3750  374.03  748574.291250  4.005502e+06   294.630132   252.170344
519  2001.4583  373.40  747344.529220  4.005835e+06   299.286096   232.558605
520  2001.5417  371.68  743933.019056  4.006169e+06   303.984216   183.057444
521  2001.6250  369.78  740160.892500  4.006503e+06   308.713225   135.253929
522  2001.7083  368.34  737309.235222  4.006836e+06   313.478735   103.833497
523  2001.7917  368.61  737880.438537  4.007170e+06   318.286532   109.408928
524  2001.8750  369.94  740573.637500  4.007504e+06   323.125087   139.001089
525  2001.9583  371.42  743567.351786  4.007837e+06   328.000143   176.089510
526  2002.0417  372.70  746160.941590  4.008171e+06   332.917617   211.698784
527  2002.1250  373.37  747533.411250  4.008505e+06   337.865718   231.644512
528  2002.2083  374.30  749426.566690  4.008838e+06   342.850320   260.818375
529  2002.2917  375.19  751239.822923  4.009172e+06   347.877472   290.357248
530  2002.3750  375.93  752752.833750  4.009506e+06   352.935118   316.123859
531  2002.4583  375.69  752303.558727  4.009839e+06   358.029265   307.647120
532  2002.5417  374.16  749271.002472  4.010173e+06   363.166095   256.316011
533  2002.6250  372.03  745036.578750  4.010507e+06   368.333287   192.650855
534  2002.7083  370.92  742844.562636  4.010841e+06   373.536980   163.069638
535  2002.7917  370.73  742494.966941  4.011175e+06   378.783487   158.253187
536  2002.8750  372.43  745930.736250  4.011508e+06   384.060225   203.914753
537  2002.9583  373.98  749066.345034  4.011842e+06   389.373464   250.584857
538  2003.0417  375.07  751280.850419  4.012176e+06   394.729647   286.282078
539  2003.1250  375.82  752814.437500  4.012510e+06   400.115931   312.224387
540  2003.2083  376.64  754488.374112  4.012843e+06   405.538716   341.875377
541  2003.2917  377.92  757083.999264  4.013178e+06   411.004577   390.847850
542  2003.3750  378.78  758838.382500  4.013511e+06   416.500407   425.591631
543  2003.4583  378.46  758228.828218  4.013845e+06   422.032737   412.490912
544  2003.5417  376.88  755094.795896  4.014179e+06   427.608276   350.808116
545  2003.6250  374.57  750497.816250  4.014513e+06   433.213651   269.612206
546  2003.7083  373.34  748064.456722  4.014847e+06   438.855528   230.732220
547  2003.7917  373.31  748035.479527  4.015181e+06   444.540743   229.821728
548  2003.8750  374.84  751132.505000  4.015515e+06   450.255665   278.551837
549  2003.9583  376.17  753828.993711  4.015849e+06   456.007087   324.715797
550  2004.0417  377.17  755864.407989  4.016183e+06   461.801980   361.755542
551  2004.1250  378.05  757659.456250  4.016517e+06   467.626447   396.004917
552  2004.2083  379.06  759715.198198  4.016851e+06   473.487415   437.222759
553  2004.2917  380.54  762713.163518  4.017185e+06   479.391985   501.306381
554  2004.3750  380.80  763266.000000  4.017519e+06   485.325998   513.016715
555  2004.4583  379.87  761433.574421  4.017853e+06   491.296512   471.752852
556  2004.5417  377.65  757015.173005  4.018187e+06   497.310760   380.245019
557  2004.6250  376.17  754079.786250  4.018521e+06   503.354318   324.715797
558  2004.7083  374.43  750622.928769  4.018855e+06   509.434378   265.034242
559  2004.7917  374.63  751055.114571  4.019190e+06   515.558303   271.586191
560  2004.8750  376.33  754494.608750  4.019524e+06   521.711407   330.507756
561  2004.9583  377.68  757232.650744  4.019858e+06   527.901013   381.415912
562  2005.0417  378.63  759168.938871  4.020192e+06   534.134615   419.425169
563  2005.1250  379.91  761767.038750  4.020526e+06   540.397265   473.492042
564  2005.2083  380.95  763884.101885  4.020860e+06   546.696416   519.834176
565  2005.2917  382.48  766983.969416  4.021195e+06   553.039696   591.942685
566  2005.3750  382.64  767336.690000  4.021529e+06   559.411892   599.753845
567  2005.4583  382.40  766887.253920  4.021863e+06   565.820589   588.056306
568  2005.5417  380.93  763970.999781  4.022198e+06   572.273546   518.922581
569  2005.6250  378.93  759991.481250  4.022532e+06   578.755288   431.803092
570  2005.7083  376.89  755931.401187  4.022866e+06   585.273531   351.182813
571  2005.7917  377.19  756564.571323  4.023200e+06   591.836165   362.516737
572  2005.8750  378.54  759303.922500  4.023535e+06   598.427453   415.746892
573  2005.9583  380.31  762886.001073  4.023869e+06   605.055241   491.059940
574  2006.0417  381.58  765465.391886  4.024203e+06   611.727552   548.958915
575  2006.1250  382.40  767142.200000  4.024538e+06   618.428386   588.056306
576  2006.2083  382.86  768096.909738  4.024872e+06   625.165720   610.577788
577  2006.2917  384.80  772021.046160  4.025206e+06   631.947709   710.215693
578  2006.3750  385.22  772895.777500  4.025541e+06   638.758089   732.777986
579  2006.4583  384.24  770961.537192  4.025875e+06   645.604969   680.681436
580  2006.5417  382.65  767803.181505  4.026210e+06   652.496635   600.243742
581  2006.6250  380.60  763721.475000  4.026544e+06   659.416560   503.996766
582  2006.7083  379.04  760622.714032  4.026878e+06   666.372986   436.386764
583  2006.7917  379.33  761236.295561  4.027213e+06   673.374329   448.586990
584  2006.8750  380.35  763314.906250  4.027547e+06   680.403800   492.834330
585  2006.9583  382.02  766698.209766  4.027882e+06   687.469772   569.770803
586  2007.0417  383.10  768897.675270  4.028216e+06   694.580793   622.496127
587  2007.1250  384.12  770976.855000  4.028551e+06   701.719809   674.434267
588  2007.2083  384.81  772393.825923  4.028885e+06   708.895327   710.748790
589  2007.2917  386.73  776279.919141  4.029220e+06   716.116025   816.809100
590  2007.3750  386.78  776412.502500  4.029554e+06   723.364588   819.669587
591  2007.4583  386.33  775541.365039  4.029889e+06   730.649651   794.105202
592  2007.5417  384.73  772361.518241  4.030224e+06   737.980026   706.489611
593  2007.6250  382.24  767394.580000  4.030558e+06   745.338135   580.321947
594  2007.7083  381.20  765338.403960  4.030893e+06   752.732744   531.296612
595  2007.7917  381.37  765711.520629  4.031228e+06   760.172796   539.162469
596  2007.8750  382.70  768413.762500  4.031562e+06   767.640450   602.696229
597  2007.9583  384.19  771437.499277  4.031897e+06   775.144605   678.074949
598  2008.0417  385.78  774662.327026  4.032231e+06   782.694335   763.409843
599  2008.1250  386.06  775256.737500  4.032566e+06   790.271535   778.960971
600  2008.2083  386.28  775730.702124  4.032901e+06   797.885236   791.289715
601  2008.2917  387.34  777891.707078  4.033236e+06   805.544643   852.048644
602  2008.3750  388.78  780816.032500  4.033570e+06   813.231389   938.189076
603  2008.4583  387.99  779261.735817  4.033905e+06   820.954635   890.417978
604  2008.5417  386.61  776522.306637  4.034240e+06   828.723720   809.964331
605  2008.6250  384.32  771954.760000  4.034574e+06   836.520012   684.862215
606  2008.7083  383.41  770158.849303  4.034909e+06   844.352804   638.061148
607  2008.7917  383.21  769789.067357  4.035244e+06   852.231566   627.997199
608  2008.8750  384.41  772231.638750  4.035579e+06   860.137403   689.580892
609  2008.9583  385.79  775036.022557  4.035913e+06   868.079741   763.962540
610  2009.0417  387.17  777840.674989  4.036249e+06   876.068180   842.152988
611  2009.1250  387.70  778937.762500  4.036583e+06   884.083564   873.194952
612  2009.2083  389.04  781662.397032  4.036918e+06   892.135447   954.184210
613  2009.2917  389.76  783141.532992  4.037253e+06   900.233564   999.184026
614  2009.3750  390.36  784379.625000  4.037588e+06   908.358493  1037.475873
615  2009.4583  389.70  783085.899510  4.037923e+06   916.519923   995.394441
616  2009.5417  388.24  780184.469608  4.038258e+06   924.727716   905.400414
617  2009.6250  386.29  776298.041250  4.038593e+06   932.962191   791.852412
618  2009.7083  384.95  773637.210085  4.038927e+06   941.233167   718.233155
619  2009.7917  384.64  773046.279488  4.039263e+06   949.550638   701.713334
620  2009.8750  386.23  776274.021250  4.039598e+06   957.894658   788.479228
621  2009.9583  387.63  779120.135829  4.039932e+06   966.275180   869.062870
622  2010.0417  388.91  781725.317547  4.040268e+06   974.702328   946.169743
623  2010.1250  390.41  784772.901250  4.040603e+06   983.155894  1040.699360
624  2010.2083  391.37  786735.222371  4.040937e+06   991.645962  1103.559915
625  2010.2917  392.67  789381.241839  4.041273e+06  1000.182787  1191.621583
626  2010.3750  393.21  790499.553750  4.041608e+06  1008.745899  1229.194645
627  2010.4583  392.38  788863.627754  4.041943e+06  1017.345512  1171.684157
628  2010.5417  390.41  784935.585097  4.042278e+06  1025.992015  1040.699360
629  2010.6250  388.54  781208.237500  4.042613e+06  1034.664673   923.544338
630  2010.7083  387.03  778204.433349  4.042948e+06  1043.373832   834.047023
631  2010.7917  387.43  779041.028331  4.043283e+06  1052.130012   857.310921
632  2010.8750  388.87  781968.961250  4.043618e+06  1060.912216   943.710553
633  2010.9583  389.99  784253.627417  4.043953e+06  1069.730921  1013.777467
634  2011.0417  391.50  787322.825550  4.044289e+06  1078.596778  1112.213981
635  2011.1250  392.05  788461.556250  4.044624e+06  1087.488528  1149.201341
636  2011.2083  392.80  790002.620240  4.044959e+06  1096.416778  1200.613649
637  2011.2917  393.44  791322.606448  4.045294e+06  1105.392313  1245.375086
638  2011.3750  394.41  793306.413750  4.045629e+06  1114.393608  1314.778338
639  2011.4583  393.95  792413.997285  4.045964e+06  1123.431405  1281.630856
640  2011.5417  392.72  789972.656424  4.046300e+06  1132.516617  1195.076070
641  2011.6250  390.33  785197.586250  4.046635e+06  1141.627458  1035.544180
642  2011.7083  389.28  783117.807024  4.046970e+06  1150.774800   969.068949
643  2011.7917  389.19  782969.211723  4.047306e+06  1159.969689   963.473672
644  2011.8750  390.48  785596.950000  4.047641e+06  1169.190076  1045.220642
645  2011.9583  392.06  788808.371098  4.047976e+06  1178.446964  1149.879438
646  2012.0417  393.31  791356.121027  4.048312e+06  1187.751531  1236.216619
647  2012.1250  394.04  792857.735000  4.048647e+06  1197.081464  1288.082933
648  2012.2083  394.59  793997.273097  4.048982e+06  1206.447897  1327.864292
649  2012.2917  396.38  797632.184046  4.049318e+06  1215.862141  1461.523135
650  2012.3750  396.93  798772.008750  4.049653e+06  1225.301620  1503.878495
651  2012.4583  395.91  796752.365553  4.049988e+06  1234.777599  1425.807955
652  2012.5417  394.56  794068.453152  4.050324e+06  1244.301521  1325.678800
653  2012.6250  392.59  790136.448750  4.050659e+06  1253.850545  1186.104803
654  2012.7083  391.32  787613.011956  4.050995e+06  1263.436070  1100.240427
655  2012.7917  391.27  787545.008459  4.051330e+06  1273.069669  1096.925940
656  2012.8750  393.20  791462.450000  4.051666e+06  1282.728239  1228.493547
657  2012.9583  394.57  794252.956431  4.052001e+06  1292.423310  1326.407097
658  2013.0417  395.78  796721.644026  4.052337e+06  1302.166586  1416.007288
659  2013.1250  397.03  799271.018750  4.052672e+06  1311.934702  1511.644469
660  2013.2083  397.66  800572.412578  4.053008e+06  1321.739319  1561.030008
661  2013.2917  398.64  802578.603288  4.053343e+06  1331.592272  1639.429758
662  2013.3750  400.02  805390.267500  4.053679e+06  1341.469934  1753.086205
663  2013.4583  398.81  802987.304623  4.054014e+06  1351.384097  1653.225214
664  2013.5417  397.51  800402.961167  4.054350e+06  1361.346727  1549.199546
665  2013.6250  395.39  796167.188750  4.054686e+06  1371.333935  1386.808088
666  2013.7083  393.72  792837.231876  4.055021e+06  1381.357643  1265.215814
667  2013.7917  393.90  793232.550630  4.055357e+06  1391.429951  1278.053368
668  2013.8750  395.36  796205.620000  4.055693e+06  1401.526705  1384.574596
669  2013.9583  397.03  799601.863849  4.056028e+06  1411.659959  1511.644469
670  2014.0417  398.04  801669.158268  4.056364e+06  1421.841944  1591.201911
671  2014.1250  398.27  802165.563750  4.056700e+06  1432.048243  1609.604152
672  2014.2083  399.91  805502.041253  4.057035e+06  1442.291043  1743.886933
673  2014.2917  401.51  808758.260467  4.057371e+06  1452.582706  1880.078525
674  2014.3750  401.96  809698.175000  4.057707e+06  1462.898551  1919.304910
675  2014.4583  401.43  808663.995369  4.058042e+06  1473.250896  1873.147345
676  2014.5417  399.27  804346.064559  4.058378e+06  1483.652236  1690.843897
677  2014.6250  397.18  800168.757500  4.058714e+06  1494.077627  1523.330931
678  2014.7083  395.54  796897.720982  4.059050e+06  1504.539519  1398.002550
679  2014.7917  396.16  798179.879872  4.059386e+06  1515.050536  1444.750391
680  2014.8750  397.40  800711.325000  4.059721e+06  1525.585472  1540.552474
681  2014.9583  399.08  804129.558364  4.060057e+06  1536.156910  1675.254445
682  2015.0417  400.18  806379.387506  4.060393e+06  1546.777604  1766.510164
683  2015.1250  400.55  807158.318750  4.060729e+06  1557.422087  1797.749170
684  2015.2083  401.74  809589.782442  4.061064e+06  1568.103070  1900.076966
685  2015.2917  403.34  812847.754278  4.061401e+06  1578.833442  2042.124557
686  2015.3750  404.15  814513.806250  4.061736e+06  1589.587470  2115.988250
687  2015.4583  402.97  812169.231151  4.062072e+06  1600.377999  2008.820952
688  2015.5417  401.46  809159.370882  4.062408e+06  1611.218048  1875.745037
689  2015.6250  399.11  804456.093750  4.062744e+06  1622.081622  1677.711138
690  2015.7083  397.82  801889.075906  4.063080e+06  1632.981697  1573.698767
691  2015.7917  398.49  803272.834533  4.063416e+06  1643.931423  1627.305296
692  2015.8750  400.27  806894.286250  4.063752e+06  1654.904543  1774.083641
693  2015.9583  402.06  810536.194098  4.064088e+06  1665.914163  1928.076884
694  2016.0417  402.73  811920.473841  4.064424e+06  1676.973567  1987.365013
695  2016.1250  404.25  815018.531250  4.064760e+06  1688.056233  2125.198225
696  2016.2083  405.06  816685.333998  4.065096e+06  1699.175399  2200.536118
697  2016.2917  407.60  821840.496920  4.065432e+06  1710.344480  2445.289869
698  2016.3750  407.90  822479.362500  4.065768e+06  1721.536691  2475.049792
699  2016.4583  406.99  820678.363517  4.066104e+06  1732.765404  2385.333125
700  2016.5417  404.59  815872.606403  4.066440e+06  1744.044162  2156.661738
701  2016.6250  402.45  811590.731250  4.066776e+06  1755.345919  1962.478685
702  2016.7083  401.23  809163.871209  4.067112e+06  1766.684177  1855.875396
703  2016.7917  401.79  810326.737143  4.067449e+06  1778.072613  1904.438453
704  2016.8750  403.72  814252.775000  4.067785e+06  1789.483916  2076.613260
705  2016.9583  404.64  816142.006512  4.068121e+06  1800.931719  2161.308225
706  2017.0417  406.36  819645.065212  4.068457e+06  1812.429832  2324.191786
707  2017.1250  406.66  820284.052500  4.068793e+06  1823.950681  2353.207709
708  2017.2083  407.54  822093.070582  4.069129e+06  1835.508031  2439.359484
709  2017.2917  409.22  825516.109474  4.069466e+06  1847.115821  2608.131855
710  2017.3750  409.89  826901.838750  4.069802e+06  1858.746216  2677.014384
711  2017.4583  409.08  825301.841364  4.070138e+06  1870.413111  2593.851891
712  2017.5417  407.33  821805.260661  4.070475e+06  1882.130579  2418.659838
713  2017.6250  405.32  817783.765000  4.070811e+06  1893.870519  2224.996851
714  2017.7083  403.57  814286.538631  4.071147e+06  1905.646960  2062.964798
715  2017.7917  403.82  814824.644294  4.071483e+06  1917.474105  2085.737235
716  2017.8750  405.31  817864.916250  4.071820e+06  1929.323591  2224.053554
717  2017.9583  407.00  821309.028100  4.072156e+06  1941.209578  2386.310022
718  2018.0417  408.15  823663.719855  4.072492e+06  1953.146400  2499.987229
719  2018.1250  408.52  824444.425000  4.072829e+06  1965.105432  2537.124034
720  2018.2083  409.59  826637.937597  4.073165e+06  1977.100965  2646.060461
721  2018.2917  410.45  828407.828265  4.073501e+06  1989.147464  2735.276641
722  2018.3750  411.44  830440.210000  4.073838e+06  2001.216042  2839.810488
723  2018.4583  410.99  829566.176717  4.074174e+06  2013.321121  2792.052103
724  2018.5417  408.90  825381.701130  4.074511e+06  2025.477298  2575.549537
725  2018.6250  407.16  821903.355000  4.074847e+06  2037.655421  2401.967581
726  2018.7083  405.71  819010.144393  4.075183e+06  2049.870046  2261.941452
727  2018.7917  406.19  820013.000623  4.075520e+06  2062.135900  2307.829329
728  2018.8750  408.21  824124.963750  4.075856e+06  2074.423569  2505.990813
729  2018.9583  409.27  826299.063441  4.076193e+06  2086.747739  2613.241343
730  2019.0417  411.03  829886.709951  4.076529e+06  2099.123271  2796.280893
731  2019.1250  411.96  831798.735000  4.076866e+06  2111.520486  2895.502355
732  2019.2083  412.18  832277.277094  4.077202e+06  2123.954202  2919.227099
733  2019.2917  413.54  835057.889618  4.077539e+06  2136.439411  3068.037952
734  2019.3750  414.86  837757.912500  4.077875e+06  2148.946172  3216.009615
735  2019.4583  414.16  836378.849528  4.078212e+06  2161.489433  3137.105794
736  2019.5417  411.97  831990.594149  4.078549e+06  2174.084319  2896.578653
737  2019.6250  410.18  828409.782500  4.078885e+06  2186.700626  2707.107610
738  2019.7083  408.76  825575.964708  4.079222e+06  2199.353434  2561.359173
739  2019.7917  408.75  825589.857375  4.079559e+06  2212.057997  2560.347075
740  2019.8750  410.48  829118.290000  4.079895e+06  2224.783850  2738.415533
741  2019.9583  411.98  832182.420434  4.080232e+06  2237.546203  2897.655150
742  2020.0417  413.61  835509.447537  4.080568e+06  2250.360444  3075.797434
743  2020.1250  414.34  837018.592500  4.080905e+06  2263.195842  3157.301748
744  2020.2083  414.74  837861.190342  4.081242e+06  2276.067741  3202.413645
745  2020.2917  416.45  841350.478465  4.081579e+06  2288.991659  3398.875109
746  2020.3750  417.31  843122.691250  4.081915e+06  2301.936603  3499.890489
747  2020.4583  416.60  841722.927780  4.082252e+06  2314.918048  3416.387570
748  2020.5417  414.62  837756.999654  4.082589e+06  2327.951644  3188.846476
749  2020.6250  412.78  834073.587500  4.082925e+06  2341.006134  2984.422946
750  2020.7083  411.52  831561.879616  4.083262e+06  2354.097124  2848.343268
751  2020.7917  411.51  831575.992467  4.083599e+06  2367.240397  2847.275970
752  2020.8750  413.12  834863.880000  4.083936e+06  2380.404433  3021.686859
753  2020.9583  414.26  837202.185358  4.084272e+06  2393.604969  3148.317768
754  2021.0417  415.52  839783.247184  4.084610e+06  2406.857919  3291.302246
755  2021.1250  416.75  842303.843750  4.084946e+06  2420.131501  3433.945032
756  2021.2083  417.64  844137.434412  4.085283e+06  2433.441583  3539.044905
757  2021.2917  419.05  847022.286885  4.085620e+06  2446.804210  3708.794444
758  2021.3750  419.13  847218.903750  4.085957e+06  2460.187338  3718.544824
759  2021.4583  418.94  846869.740202  4.086294e+06  2473.606966  3695.408573
760  2021.5417  416.96  842902.027232  4.086631e+06  2487.079270  3458.601078
761  2021.6250  414.47  837902.913750  4.086968e+06  2500.571943  3171.928014
762  2021.7083  413.30  835572.040390  4.087304e+06  2514.101117  3041.508413
763  2021.7917  413.93  836880.238381  4.087642e+06  2527.683099  3111.394152
764  2021.8750  415.01  839098.343750  4.087979e+06  2541.285318  3233.045076
765  2021.9583  416.71  842570.243193  4.088315e+06  2554.924038  3429.258642
766  2022.0417  418.19  845597.618523  4.088653e+06  2568.615697  3604.786264
767  2022.1250  419.28  847836.570000  4.088990e+06  2582.327462  3736.861286
768  2022.2083  418.81  846921.058123  4.089326e+06  2596.075727  3679.620106
769  2022.2917  420.23  849827.641091  4.089664e+06  2609.877064  3853.910543
770  2022.3750  420.99  851399.651250  4.090001e+06  2623.698374  3948.849549
771  2022.4583  420.99  851434.719717  4.090338e+06  2637.556186  3948.849549
772  2022.5417  418.90  847242.718130  4.090675e+06  2651.467199  3690.546983
773  2022.6250  417.19  843818.923750  4.091012e+06  2665.398056  3485.706520
774  2022.7083  415.95  841345.517385  4.091349e+06  2679.365413  3340.825236
775  2022.7917  415.78  841036.333026  4.091686e+06  2693.386104  3321.202180
776  2022.8750  417.51  844570.541250  4.092023e+06  2707.426506  3523.594438
777  2022.9583  418.95  847518.379785  4.092360e+06  2721.503409  3696.624470
778  2023.0417  419.48  848625.532316  4.092698e+06  2735.633778  3761.353235
779  2023.1250  420.30  850319.437500  4.093035e+06  2749.783726  3862.606625
780  2023.2083  420.98  851730.230134  4.093372e+06  2763.970174  3947.592851
781  2023.2917  423.36  856580.774112  4.093709e+06  2778.210220  4252.327444
782  2023.3750  424.00  857911.000000  4.094046e+06  2792.469714  4336.205680